2.5310
3.1720
2.4530
3.0630
2.5470
3.3590
2.1720
1.2340
2.9680
2.6870
2.6400
1.9840
2.7970
2.9530
1.6720
3.2340
2.8590
3.2500
2.9840
2.5150
3.5150
3.6400
3.3280
3.2500
3.4070
3.3600
3.4220
3.3440
3.7190
3.5940
4.0630
3.6880
3.7350
3.8910
4.9530
4.3280
4.2340
5.3280
3.9530
3.6870
5.4220
4.2500
3.8910
5.9690
3.7660
5.0160
6.3590
4.5000
5.1560
5.2180
4.1560
5.5150
4.6090
3.7030
5.5310
5.1560
8.0000
5.4210
5.4370
7.0780
5.5150
6.5150
3.9530
5.0310
7.7180
5.7030
7.3590
5.5310
7.5780
6.0630
8.0940
7.5630
5.5000
6.2190
7.5470
6.6100
5.8910
6.8130
8.0940
4.5160
6.5310
6.4530
6.0310
6.0470
6.8910
5.6880
7.0780
7.9850
7.7350
7.0000
6.6100
7.8280
6.5160
5.3130
7.4220
6.3130
7.0780
6.2340
8.0780
7.4060
2.4840
2.8750
2.2650
2.1870
2.4680
3.2030
4.2030
2.9530
1.9060
1.8120
3.7500
3.0310
2.8280
2.6560
5.3280
3.1720
5.9690
1.4380
4.0160
2.6410
3.8280
4.2190
3.0160
4.9530
1.5470
2.8280
4.1250
4.3910
5.7030
4.6720
5.4840
3.1560
4.6720
5.0150
5.7970
5.2190
4.2970
5.3750
4.0780
4.6250
5.0940
5.1090
4.3440
3.2820
4.5320
4.1880
3.2350
4.7970
4.8130
5.0160
6.0310
5.8440
6.4840
5.4690
7.2340
7.4690
6.2030
5.7190
6.8280
5.9060
7.0630
4.7190
6.5470
6.6410
6.3910
7.1880
7.0630
7.5470
6.3590
7.5620
7.5470
6.4370
6.6400
6.2500
7.5620
7.5620
7.4840
6.1870
7.0470
7.5000
7.5620
7.4690
7.4530
6.4690
7.4690
7.4690
7.5470
6.5160
7.4690
7.0320
7.0320
7.5320
7.4690
7.4530
7.4530
7.4530
7.5160
6.9060
6.8590
7.5160
2.1410
2.7030
2.7970
2.5160
2.3750
2.2190
2.5940
2.2030
2.6400
2.7650
2.3900
2.8280
2.0000
2.9690
1.6250
2.7810
2.2030
2.2660
2.1250
2.2820
2.4380
2.9220
3.1100
2.7500
2.9540
3.9380
3.1250
3.0160
2.7970
3.1880
2.9380
4.0000
5.5630
2.9380
3.2190
3.9380
3.2810
4.0310
3.2660
3.8900
4.5620
3.6400
5.9060
3.2500
4.3120
3.3280
3.2810
5.4840
5.0780
3.1400
3.4380
6.8600
4.2970
4.4530
5.0160
5.0000
5.4530
5.9220
5.1720
4.2970
5.6410
4.5470
4.9070
5.4530
6.8440
4.2810
6.5940
4.6090
3.7660
6.2500
6.3750
6.2660
4.3590
7.2030
5.7030
4.7970
7.1090
4.0460
5.5310
4.3280
6.5460
6.6090
7.3750
7.4530
7.1710
6.6400
5.3120
5.3590
5.7960
6.1410
7.1720
7.2500
7.0630
6.3280
6.0630
5.7660
7.2660
5.9380
7.2660
4.5630
3.0470
2.2970
2.8120
2.8750
2.2820
2.6880
2.2030
2.7660
2.7970
2.1880
2.7820
2.0470
1.7030
2.7660
2.7190
3.5620
2.9220
3.1250
3.2810
3.4690
3.6560
4.5930
2.2810
2.1090
3.1870
3.2030
4.7340
3.2650
1.1560
2.5310
4.5930
3.5460
3.5470
3.0630
3.3440
4.5470
4.0000
3.5310
3.2810
3.6410
4.1100
3.4220
4.4850
1.3130
4.4530
4.3590
4.4530
4.1560
4.5470
4.1560
3.8280
4.2810
4.7190
4.8750
4.9850
5.8290
4.5320
6.2660
5.6410
7.3130
4.3290
6.1880
7.3130
6.0940
5.2500
4.5000
7.2970
7.3590
6.9220
6.2500
4.7970
5.8750
7.3590
5.6880
5.0780
7.2970
7.2970
5.7810
5.3280
6.6250
7.3430
6.7970
7.3430
4.5930
7.0620
7.3430
7.3430
7.1720
7.3430
4.7500
4.6870
7.3130
6.9850
7.2500
5.4690
5.3280
7.3280
7.3280
7.2350
6.6880
4.4220
4.1880
4.8910
5.4380
5.8280
4.0000
4.4530
4.3130
2.3910
3.9690
3.7030
5.9840
5.1720
5.6870
4.3900
5.6400
2.8280
5.0470
5.6250
4.5930
5.2180
4.1400
5.3280
3.9370
1.2810
4.1400
6.9060
5.6720
5.9530
7.6410
6.7820
5.8600
6.0470
4.1880
7.7030
7.0940
5.6250
5.7030
6.7030
7.9060
7.2660
3.8440
6.1560
6.2340
7.7030
7.5940
4.7500
4.7340
6.5780
7.0310
6.5930
4.3750
7.7030
2.7810
7.9530
7.4060
5.6560
7.8900
7.9680
7.4210
7.8440
7.8600
7.9380
7.9380
8.0310
7.9530
7.9530
8.0310
8.0310
7.9380
7.9530
8.0150
7.9220
7.9370
8.0000
7.9220
8.0150
7.8590
8.0000
7.9370
8.0150
7.9220
7.9850
7.9070
7.9070
7.9070
8.0000
7.9220
7.9070
8.0000
7.9220
7.9070
8.0000
7.9070
8.0000
7.9060
7.9060
7.8910
7.9840
7.8910
2.2970
2.7660
2.0320
2.6880
3.0310
3.7190
2.6720
2.1090
3.4220
2.5630
2.5940
1.3910
1.8590
1.2810
2.9370
3.2180
1.6250
4.4220
3.2970
3.9370
4.2500
4.4840
4.3430
5.1570
4.3130
4.3910
3.6410
3.9380
5.4380
3.2970
5.4220
4.0940
2.8910
5.1410
5.6880
4.7340
4.1870
2.7030
4.8280
5.4060
5.2810
1.0470
3.0780
4.9530
4.9530
5.2810
3.8900
5.6870
4.8280
5.6710
4.0150
4.9060
4.5310
4.6710
5.8280
5.7650
5.1880
5.8130
5.3750
5.3910
5.6250
5.5310
5.8280
5.4690
5.9380
6.9690
7.5940
6.3910
6.6410
5.5310
6.7190
7.6720
7.0000
7.5780
7.5780
6.8120
6.1720
7.0150
7.6720
7.3590
6.2970
5.9840
7.3750
7.1250
7.0150
6.9840
6.2500
7.0000
7.6570
6.7040
7.3750
7.3910
7.2040
7.6570
7.5320
7.4380
6.5470
7.6570
7.6410
7.0630
3.5000
3.9530
3.7820
3.9380
3.8440
3.6570
2.3600
3.6570
0.9690
1.5320
3.6720
4.1880
3.3590
3.2810
3.7190
4.1870
3.6250
3.9840
3.5780
3.3590
3.8120
1.6090
4.4530
4.0780
3.4680
4.5620
4.3590
3.8280
1.6870
4.0930
4.0780
4.1560
4.2660
4.4530
4.5160
4.8280
5.2660
4.8280
5.3750
4.8910
4.8130
4.9850
5.2660
4.9060
5.6560
5.2810
4.7030
5.5470
6.0150
6.0150
7.7340
5.9060
6.1090
5.2340
5.5470
6.0000
5.4530
5.9840
7.2820
5.7820
5.4220
6.3440
6.2500
6.1880
6.5160
6.3750
6.2660
7.4690
7.8130
6.8130
6.0630
7.7350
7.1720
6.8750
7.7030
6.9840
5.5000
7.0780
7.7970
6.7810
7.5160
7.7190
7.6410
7.7190
7.7810
7.1560
7.7810
7.0470
7.7810
7.2650
7.7030
7.6560
7.7030
7.7030
7.7810
7.7810
7.5780
6.8440
7.6880
7.4850
4.6090
4.5160
3.5000
1.7340
2.0460
2.2180
4.8120
1.7500
2.1250
2.5620
4.2340
3.4060
3.3900
3.9680
2.5000
3.9690
2.5780
4.9060
4.2350
4.0630
5.7190
5.7970
2.7660
8.1100
5.2500
4.3130
3.2190
6.0780
5.7970
5.5940
2.4840
2.4530
5.5150
5.8750
3.6720
5.8590
4.3900
6.8900
6.0780
5.9060
3.4530
5.6570
6.3290
6.0630
4.5630
4.8750
6.5790
5.9380
4.1250
4.2190
4.7660
6.0630
6.0320
6.6090
8.0780
5.5780
6.6880
7.2340
6.1090
7.0470
6.8910
8.0630
6.2500
7.1250
7.2970
7.7650
6.5000
7.3750
8.0620
7.0470
7.3120
8.0470
7.9690
7.5620
7.3750
7.9370
8.0940
8.0310
8.0160
8.0000
8.0310
8.0940
8.0000
8.0160
7.4840
8.0940
8.0620
8.0150
8.0780
8.0150
8.0150
8.0780
8.0150
8.0780
7.5310
8.0780
8.0150
8.0150
8.0780
7.9850
