0.2810
0.1560
0.2810
0.1090
0.2810
0.1410
0.1570
0.2820
0.2350
0.2660
0.0940
0.0620
0.0630
0.0940
0.1570
0.1880
0.1570
0.1880
0.2660
0.2660
0.1870
0.2030
0.0620
0.1090
0.1250
0.2970
0.3120
0.3120
0.3120
0.3120
0.0470
0.1400
0.2190
0.1560
0.2970
0.1400
0.2340
0.2970
0.2970
0.2970
0.1250
0.1570
0.2190
0.1100
0.0320
0.0470
0.3130
0.3130
0.2970
0.3130
0.0470
0.0470
0.1720
0.1410
0.1410
0.1560
0.2340
0.2030
0.2970
0.2970
0.0780
0.1410
0.0470
0.1720
0.0630
0.1560
0.1560
0.3130
0.2660
0.2340
0.0780
0.1560
0.0620
0.1400
0.1400
0.2340
0.1720
0.2340
0.3120
0.3120
0.1090
0.1880
0.0780
0.0630
0.1720
0.1720
0.2340
0.2500
0.2500
0.2650
0.1720
0.0470
0.1090
0.0630
0.1720
0.0780
0.2810
0.1880
0.2810
0.2030
0.0780
0.0930
0.0470
0.1100
0.0940
0.1880
0.1570
0.1880
0.2660
0.2660
0.0320
0.0780
0.0470
0.1720
0.1720
0.1720
0.2030
0.2030
0.2820
0.2660
0.0470
0.1870
0.2660
0.1720
0.1250
0.1720
0.1720
0.2810
0.2810
0.2810
0.0620
0.0930
0.0620
0.0930
0.0930
0.2030
0.1870
0.2810
0.2180
0.2810
0.0620
0.0310
0.1880
0.0780
0.1100
0.1720
0.2190
0.2810
0.2030
0.2660
0.0470
0.0940
0.0940
0.1100
0.1410
0.2970
0.2030
0.2810
0.2970
0.2970
0.0470
0.1100
0.2970
0.1250
0.1410
0.2030
0.2350
0.2970
0.3130
0.3130
0.0310
0.0620
0.1250
0.0310
0.2340
0.2190
0.2030
0.2340
0.2970
0.2970
0.0630
0.1250
0.0470
0.2350
0.2970
0.2970
0.2970
0.3130
0.3130
0.3130
0.3130
0.0310
0.2190
0.0470
0.1250
0.1410
0.3130
0.2970
0.3130
0.3130
0.0470
0.2030
0.1090
0.1090
0.1400
0.2340
0.1400
0.2030
0.2970
0.2970
0.0470
0.0940
0.0780
0.0940
0.2500
0.3120
0.2500
0.2180
0.3120
0.1560
0.0620
0.2340
0.0780
0.2500
0.1560
0.1560
0.1560
0.2650
0.2650
0.2650
0.0470
0.0780
0.0470
0.1720
0.1570
0.2660
0.1720
0.2350
0.2660
0.2660
0.0470
0.0470
0.0780
0.0780
0.2820
0.1720
0.2660
0.2820
0.2500
0.2820
0.0780
0.0310
0.0470
0.0780
0.2030
0.1090
0.1560
0.1720
0.2660
0.2660
0.0470
0.0940
0.1090
0.0470
0.1250
0.2660
0.1720
0.2660
0.2500
0.2650
0.0460
0.0780
0.0460
0.1090
0.1870
0.2030
0.1870
0.2030
0.2810
0.2810
0.0310
0.1720
0.0940
0.0940
0.0940
0.1100
0.2030
0.2660
0.2810
0.2810
0.1560
0.1250
0.0940
0.1250
0.1250
0.1870
0.1720
0.1720
0.2810
0.2650
0.0470
0.1250
0.0470
0.1410
0.2030
0.1250
0.3130
0.2350
0.2190
0.3130
0.1250
0.1090
0.1090
0.2030
0.1400
0.2190
0.2030
0.3120
0.2340
0.2970
0.0320
0.2040
0.1100
0.0320
0.1410
0.2190
0.2970
0.2500
0.2500
0.2970
0.0470
0.0470
0.1250
0.1090
0.2030
0.2190
0.1560
0.2340
0.2970
0.3130
0.0310
0.1090
0.0620
0.1870
0.2030
0.1400
0.2810
0.2970
0.2970
0.3120
0.2970
0.2970
0.0320
0.2970
0.1250
0.0470
0.2190
0.2970
0.3130
0.3130
0.2190
0.0470
0.0470
0.0780
0.1570
0.2350
0.2500
0.3130
0.3130
0.3130
0.1560
0.0780
0.1250
0.1720
0.1720
0.1410
0.2340
0.2340
0.3120
0.3120
0.2190
0.1250
0.0470
0.0780
0.0310
0.1400
0.2180
0.2500
0.3120
0.2500
0.0470
0.0780
0.2030
0.0620
0.1560
0.1870
0.2660
0.1720
0.2660
0.2660
0.0470
0.0470
0.0940
0.0780
0.1720
0.1090
0.1870
0.2660
0.2810
0.2810
0.0460
0.1090
0.0310
0.0930
0.0930
0.1710
0.2650
0.1870
0.2500
0.2810
0.1090
0.1090
0.0930
0.1090
0.1250
0.2180
0.2960
0.2960
0.1880
0.1720
0.0630
0.0780
0.0780
0.1100
0.2030
0.1100
0.2190
0.2190
0.2810
0.2970
0.0940
0.1250
0.1090
0.1250
0.1250
0.2810
0.2810
0.2810
0.2810
0.2810
0.1250
0.1090
0.0940
0.0940
0.1720
0.2040
0.2190
0.1100
0.2820
0.2820
0.1880
0.2970
0.1880
0.2970
0.2970
0.1880
0.2810
0.2810
0.2810
0.2810
0.0470
0.2030
0.1090
0.0310
0.1250
0.2030
0.2190
0.2810
0.2970
0.3130
0.0630
0.1410
0.1250
0.0630
0.1410
0.2030
0.2970
0.2340
0.2180
0.2810
0.0470
0.0780
0.0780
0.2190
0.1560
0.0630
0.2190
0.2500
0.2500
0.3130
0.0620
0.0620
0.0310
0.1250
0.2340
0.1560
0.2500
0.1560
0.3120
0.2650
0.1410
0.1410
0.1570
0.2660
0.3130
0.2660
0.2500
0.2190
0.2350
0.2500
0.0940
0.1250
0.0620
0.0620
0.1250
0.1560
0.2340
0.1560
0.2660
0.2500
0.0780
0.1570
0.0780
0.1880
0.1570
0.1100
0.1720
0.1880
0.2660
0.2660
0.0620
0.0780
0.0780
0.0940
0.1720
0.0940
0.1560
0.2500
0.2030
0.2660
0.0940
0.1720
0.0310
0.1870
0.0930
0.1560
0.2500
0.2650
0.2810
0.2810
0.1710
0.0930
0.0310
0.2030
0.1250
0.2650
0.2810
0.2180
0.2960
0.2960
0.0780
0.2030
0.1090
0.2030
0.2180
0.1250
0.1090
0.2960
0.2960
0.2960
0.0470
0.0470
0.1100
0.2190
0.2190
0.1100
0.2030
0.2810
0.2970
0.2810
0.1090
0.0470
0.0940
0.1100
0.1880
0.1720
0.1720
0.2660
0.2820
0.2820
