0.9850
0.8750
0.7040
0.5320
1.1570
0.5470
0.8910
0.1720
0.1570
0.1100
0.9070
0.1410
0.8910
1.2660
0.9070
0.1410
0.8130
1.1100
1.1100
1.4380
1.0470
0.7660
0.7660
0.6880
0.7040
1.2350
1.0000
0.8600
1.3910
0.7190
1.0320
1.3590
0.9380
1.0630
1.1720
0.7970
0.4060
1.2500
0.9690
0.7810
1.3440
0.8130
0.3280
1.2190
0.7190
0.5470
0.8130
0.6880
0.2190
0.6090
0.7660
0.1720
0.7660
1.0160
0.8130
0.8280
0.7970
0.9060
0.1880
0.4530
1.1090
1.3280
0.6880
0.1720
0.6410
1.1090
1.0310
1.0630
1.1410
0.9060
0.6410
0.9380
0.9530
0.9220
0.7340
0.9840
0.8590
0.6560
0.7970
0.9530
0.9060
1.1090
1.1410
0.5930
0.8900
0.9680
0.7650
0.5150
1.1090
0.5780
0.2970
1.2650
0.5310
1.0620
1.1400
0.8280
0.5780
0.7810
1.0470
0.7030
1.3750
1.0150
0.9530
1.5150
1.1090
1.0150
1.4220
1.0930
1.1090
1.5470
1.1250
1.0930
1.5470
1.1400
1.1400
1.5780
1.1250
1.1560
1.5780
1.2030
1.1250
1.5930
1.2340
1.1720
1.6250
1.2810
1.1870
1.6400
1.2500
1.2180
1.6720
1.3120
1.2340
1.6720
1.3900
1.2340
1.7180
1.4060
1.2500
1.7030
1.5000
1.2650
1.7180
1.4220
1.2810
1.7500
1.4370
1.2970
1.7650
1.4840
1.3590
1.8430
1.5310
1.3120
1.7810
1.5470
1.3430
1.8280
1.5620
1.3750
1.8120
1.5620
1.4680
1.8590
1.5930
1.4840
1.9220
1.5930
1.5000
1.9370
1.7030
1.5000
1.9220
1.6250
1.5310
1.9680
1.7500
1.5150
1.9680
1.6870
1.5470
2.0000
1.6870
1.5470
2.0150
1.7180
1.5470
2.0310
1.7810
1.5930
2.0470
1.7970
1.6250
2.0620
1.8120
1.6400
2.0780
1.8590
1.6870
2.0780
1.8280
1.6560
2.0930
1.8590
1.6870
2.1090
1.8750
1.6720
2.1250
1.8900
1.7340
2.1400
1.9370
1.6870
2.2180
1.9530
1.7500
2.2180
1.9840
1.7810
2.2340
2.0000
1.8120
2.2500
2.0150
1.8430
2.3280
2.0310
1.8590
2.3120
2.0310
1.8750
2.3590
2.0470
1.8900
2.3750
2.0620
1.8750
2.3900
2.0780
1.8900
2.3750
2.0780
1.9060
2.4060
2.0930
1.9060
2.4220
2.1250
1.9220
2.4220
2.1250
1.9680
2.4220
2.1560
1.9370
2.4530
2.1870
1.9840
2.5150
2.1870
2.0310
2.5310
2.2340
2.0150
2.5150
2.2340
2.0310
2.5620
2.2500
2.0470
2.5780
2.2500
2.0470
2.5930
2.2970
2.0470
2.6250
2.2810
2.0470
2.6870
2.2650
2.0930
2.7180
2.3120
2.1250
2.7180
2.3430
2.1400
2.7180
2.3750
2.1400
2.7500
2.3750
2.1720
2.7650
2.4220
2.2030
2.8280
2.4220
2.2650
2.7810
2.4840
2.2340
2.8120
2.4370
2.2340
2.7970
2.4840
2.2970
2.8280
2.5000
2.3280
2.8430
2.5150
2.3120
2.9060
2.5310
2.3280
2.8590
2.5470
2.3430
2.8750
2.5620
2.3590
2.9060
2.6250
2.3750
2.9680
2.5780
2.3900
3.0150
2.6560
2.4370
3.0620
2.7030
2.4220
3.0780
2.7180
2.4370
3.1720
2.7340
2.4530
3.1870
2.7650
2.4840
3.1870
2.7500
2.5150
3.2180
2.7810
2.5310
3.2180
2.7810
2.5470
3.2500
2.7970
2.5930
3.2650
2.8280
2.6090
3.2500
2.8120
2.6250
3.2810
2.7970
2.6400
3.3120
2.9060
2.6560
3.2810
2.9060
2.7340
3.3430
2.9220
2.7030
3.2810
2.9370
2.7500
3.3590
2.9840
2.7500
3.3750
2.9840
2.7650
3.4060
3.0310
2.7810
3.4220
3.0620
2.7970
3.3900
3.0780
2.8430
3.4370
3.1090
2.8430
3.4680
3.1400
2.9060
3.4680
3.1870
2.8750
3.4680
3.2500
2.9060
3.5150
3.2180
2.9370
3.4840
3.2340
2.9370
3.5310
3.3120
3.0000
3.5310
3.3430
3.0000
3.5470
3.3280
3.0150
3.5780
3.3900
3.0620
3.5930
3.4370
3.0470
3.6090
3.4220
3.0780
3.6400
3.4530
3.0930
3.6400
3.4840
3.1870
3.6560
3.4840
3.2810
3.7340
3.5000
3.2970
3.6720
3.5150
3.2650
3.7030
3.5780
3.2030
3.7340
3.6090
3.3120
3.7500
3.6400
3.3590
3.7810
3.7340
3.3750
3.8120
3.7340
3.3750
3.8590
3.6560
3.3900
3.8750
3.7500
3.3750
3.8600
3.6720
3.3910
3.9070
3.8440
3.3910
3.9530
3.8130
3.4070
3.9220
3.9220
3.4380
3.9690
3.8750
3.4380
3.9850
3.9070
3.4690
4.0000
4.0000
3.4850
4.0470
3.9690
3.5630
4.0630
4.0470
3.6100
4.0780
4.0160
3.5940
4.0940
4.1100
3.5940
4.1100
4.0940
3.6410
4.1250
4.0940
3.7190
4.1410
4.1570
3.7500
4.1570
4.1720
3.7820
4.2030
4.1880
3.7660
4.2190
4.1880
3.7820
4.2190
4.2030
3.8440
4.2350
4.2350
3.9530
4.2500
4.2820
3.9380
4.2660
4.2660
3.9070
4.2970
4.2820
3.9690
4.3130
4.3280
4.0000
4.3600
4.3440
4.0160
4.3750
4.3750
4.0320
4.3910
4.3600
4.0780
4.3910
4.3910
4.1250
4.4220
4.4220
4.0940
4.4070
4.4220
4.1720
4.4220
4.4380
4.1570
4.4380
4.5000
4.1720
4.4530
4.4690
4.2970
4.4850
4.5470
4.2500
4.5000
4.5160
4.3130
4.5000
4.5940
4.3440
4.5160
4.6100
4.3280
4.5320
4.6250
4.3750
4.5630
4.6100
4.3600
4.5940
4.6410
4.4220
4.5940
4.7030
4.4690
4.6100
4.6720
4.4850
4.5940
4.6720
4.5160
4.6250
4.7030
4.5000
4.6410
4.7190
4.5320
4.6570
4.8130
4.6410
4.6720
4.7190
4.5940
4.6720
4.8600
4.6100
4.6720
4.8910
4.6720
4.6880
4.9220
4.7190
4.7190
4.9070
4.7190
4.7500
4.9220
4.7500
4.7500
4.9530
4.7660
4.8130
4.9220
4.7970
4.7970
4.9530
4.7970
4.7970
4.9850
4.8750
4.8130
5.0000
4.8280
4.8440
5.0630
4.8910
4.8280
5.0940
4.8130
4.9070
5.1410
4.9070
4.9220
5.1250
4.9220
4.8600
5.1410
4.9380
4.8600
5.1570
4.9530
4.9530
5.1720
5.0000
4.9850
5.2500
4.9850
4.9850
5.2030
5.0320
5.0000
5.2190
5.0630
5.0000
5.2660
5.0630
5.0160
5.2350
5.0940
5.0470
5.2820
5.1250
5.0320
5.3130
5.1570
5.0470
5.3440
5.1720
5.1410
5.3600
5.2030
5.1410
5.3750
5.2350
5.1570
5.4070
5.2350
5.1720
5.4220
5.2500
5.1720
5.4850
5.2820
5.1880
5.5000
5.2970
5.2350
5.5320
5.2970
5.2500
5.5320
5.3130
5.3440
5.5470
5.3280
5.2970
5.6250
5.3440
5.3130
5.6100
5.4220
5.3600
5.6720
5.4380
5.3910
5.6880
5.4850
5.3910
5.6880
5.5160
5.4070
5.7030
5.5160
5.4220
5.7030
5.5470
5.4850
5.7190
5.6250
5.4850
5.7500
5.5940
5.5160
5.7660
5.6410
5.5000
5.7660
5.6720
5.5320
5.7820
5.7190
5.5320
5.7970
5.7660
5.5470
5.8600
5.7820
5.5780
5.9380
5.7970
5.5940
5.8910
5.8130
5.5940
5.9850
5.9070
5.5940
6.0000
5.8280
5.6100
6.0000
5.8280
5.6570
6.0000
5.8440
5.6570
6.0000
6.0160
5.7190
6.0320
5.9850
5.7190
6.0780
5.9220
5.7660
6.1100
6.0470
5.7970
6.1100
6.0630
5.8130
6.1250
6.0780
5.8280
6.1100
6.0940
5.8440
6.1410
6.1410
5.8600
6.2030
6.2030
5.8750
6.1720
6.1570
5.8910
6.1570
6.2350
5.9220
6.2190
6.2500
5.9380
6.2500
6.3130
5.9380
6.2660
6.2820
5.9530
6.2820
6.3910
5.9530
6.2660
6.4220
5.9690
6.3280
6.3910
6.0470
6.2970
6.4530
6.0630
6.3600
6.4220
6.1250
6.3750
6.4530
6.1410
6.3600
6.4690
6.0940
6.3910
6.5160
6.1250
6.5470
6.5160
6.1570
6.4850
6.5780
6.1720
6.5320
6.6100
6.1880
6.6100
6.5320
6.2030
6.6100
6.5940
6.2350
6.6250
6.6250
6.2970
6.6570
6.6410
6.2660
6.7030
6.6720
6.3280
6.7190
6.6880
6.3130
6.7820
6.7190
6.3600
6.7970
6.7190
6.3910
6.8600
6.7500
6.4070
6.8750
6.7660
6.4690
6.9070
6.8280
6.4530
6.9850
6.8600
6.4850
6.9220
6.8600
6.5000
6.9690
6.8750
6.5630
7.0320
6.8910
6.5780
6.9690
6.9070
6.5940
7.0780
6.9690
6.6720
7.0630
6.9530
6.6410
7.1250
7.0000
6.7190
7.1100
7.0320
6.6880
7.1410
7.0470
6.7030
7.1720
7.0630
6.7500
7.2030
7.0780
6.7970
7.2030
7.0780
6.8130
7.1880
7.1410
6.8440
7.2030
7.1100
6.8600
7.2190
7.1720
6.8910
7.3440
7.2660
6.8750
7.2500
7.2660
6.9380
7.4220
7.3440
6.9530
7.4070
7.3280
7.0000
7.4380
7.2970
7.0000
7.4690
7.3600
7.0160
7.4850
7.3750
7.0780
7.5470
7.3750
7.2030
7.4850
7.4070
7.1720
7.5320
7.4070
7.1410
7.5630
7.4380
7.3130
7.5630
7.4220
7.4070
7.5630
7.4380
7.4220
7.5630
7.5160
7.3440
7.5630
7.4850
7.3440
7.5630
7.5320
7.3750
7.5630
7.5000
7.4530
7.5630
7.5630
7.4380
7.5630
7.5320
7.4530
7.5630
7.5780
7.5630
7.5630
7.5780
7.5630
7.5630
7.5780
7.5630
7.5630
7.5780
7.5630
7.5630
7.5780
7.5630
7.5630
7.5780
7.5630
7.5630
7.5780
1.1410
0.2660
0.1720
0.5940
1.2970
1.2190
0.6250
1.4690
1.3910
1.7190
1.1250
1.5000
0.7190
1.1880
1.2650
0.4530
1.4680
1.7650
1.1560
1.4370
1.4220
1.4220
1.3750
0.6870
1.1090
1.1400
0.9840
1.6400
0.7180
1.2970
1.5310
1.1720
0.8280
0.2970
1.5000
1.6870
1.0930
0.1870
1.2810
0.2180
1.0620
0.6400
1.1720
1.7340
1.3590
1.6250
1.4680
0.4220
0.9530
0.2500
1.0930
1.3430
1.3120
1.5150
1.0620
0.5780
0.6100
1.2820
1.4380
1.2970
1.4380
1.4070
1.0160
1.6100
1.3440
1.1880
1.5630
1.2190
1.0470
1.6570
1.6570
0.4850
0.4380
1.2500
1.7350
1.2190
0.9530
1.2970
1.2970
1.1720
1.3910
1.6410
1.3280
0.8750
1.7030
1.2350
1.5630
1.1250
1.5160
1.0320
1.1250
1.1880
1.6250
1.1720
1.4220
1.5780
1.5940
1.1250
0.4060
1.4530
1.6250
1.6410
1.7810
1.5470
1.7340
1.7340
1.4370
1.7500
1.8280
1.5780
1.7660
1.7970
1.6250
1.8280
1.8120
1.6720
1.8750
1.8590
1.7190
1.9370
1.8910
1.7810
1.7970
1.9060
1.7970
1.8440
1.9060
1.8280
1.9690
1.9530
1.8750
1.9690
1.9220
1.8590
1.9840
2.1250
1.8910
2.0000
2.0620
1.8910
2.0310
2.0940
1.9060
2.0620
2.0000
1.9060
2.0780
2.1250
1.9530
2.1560
2.1560
1.9220
2.2030
2.2190
1.9690
2.1870
2.2500
2.2340
1.9840
2.2190
1.9690
2.2500
2.2660
1.9840
2.2810
2.2810
2.0160
2.2970
2.2970
2.0160
2.2970
2.2970
2.0470
2.2970
2.3590
2.0470
2.3590
2.3590
2.0620
2.3440
2.3910
2.0780
2.3750
2.3910
2.0780
2.4530
2.4220
2.0940
2.4220
2.4060
2.1720
2.5160
2.4370
2.2340
2.4840
2.4840
2.1090
2.5000
2.4530
2.2030
2.5160
2.5000
2.2340
2.5780
2.5160
2.2970
2.5310
2.5470
2.2660
2.6410
2.5620
2.3120
2.6870
2.5780
2.3440
2.6870
2.5940
2.3750
2.7190
2.6720
2.3910
2.7340
2.6250
2.4060
2.7340
2.6090
2.4060
2.7660
2.7190
2.4530
2.7810
2.7340
2.5000
2.8280
2.7660
2.4370
2.7810
2.7970
2.4220
2.8440
2.7970
2.5000
2.8590
2.8440
2.5160
2.8440
2.8440
2.5310
2.8910
2.8910
2.5470
2.8590
2.9370
2.5620
2.8750
2.9530
2.5940
2.9370
2.9690
2.6410
2.9690
3.0000
2.6410
3.1090
3.0160
2.6720
2.9840
3.0160
2.6720
3.0160
3.0310
2.6720
3.0160
3.0310
2.6870
3.0620
3.0470
2.7660
3.0780
3.0780
2.6870
3.1410
3.1410
2.7500
3.1870
3.0940
2.7810
3.1870
3.1720
2.8120
3.2190
3.1720
2.8280
3.2500
3.1870
2.8280
3.2030
3.2190
2.8280
3.2810
3.2030
2.8440
3.2970
3.2340
2.8750
3.3120
3.2500
2.9370
3.3120
3.2500
2.9370
3.3120
3.2660
2.9530
3.3590
3.2660
2.9530
3.4060
3.2970
2.9690
3.4060
3.2970
3.0160
3.4220
3.3440
2.9690
3.4690
3.3120
3.0780
3.4840
3.3440
3.1090
3.5000
3.3910
3.1090
3.6090
3.3750
3.1250
3.5470
3.4060
3.1560
3.5620
3.4530
3.1720
3.6410
3.4530
3.1720
3.6410
3.4690
3.2030
3.6870
3.5000
3.2340
3.7030
3.5160
3.2190
3.7030
3.5310
3.2500
3.7190
3.5780
3.2810
3.7340
3.5470
3.3280
3.7970
3.5620
3.3440
3.8120
3.5940
3.3440
3.8590
3.5940
3.3590
3.8910
3.6250
3.4060
3.9220
3.6410
3.4220
3.9370
3.7030
3.4220
3.9690
3.6720
3.4530
3.9690
3.7030
3.4370
3.9840
3.7500
3.4370
4.0160
3.7500
3.4840
4.0940
3.7660
3.5160
4.0310
3.7810
3.5310
4.0620
3.8590
3.5310
4.1250
3.8750
3.5620
4.1410
3.8910
3.5780
4.1560
3.9060
3.6410
4.1560
3.9220
3.5940
4.1720
3.9220
3.6560
4.1870
3.9530
3.6720
4.1870
4.0310
3.6560
4.1870
4.0000
3.7500
4.2030
4.0150
3.7960
4.2030
4.0150
3.7180
4.2340
4.0310
3.7650
4.2340
4.0310
3.8120
4.2500
4.0310
3.8430
4.2500
4.1090
3.8750
4.2650
4.0620
3.8900
4.2960
4.0460
3.8750
4.3120
4.1560
3.8900
4.3280
4.2030
3.9060
4.3430
4.2180
3.9530
4.3430
4.2340
3.9840
4.3590
4.3120
3.9680
4.3750
4.2650
4.0150
4.4680
4.2650
4.0000
4.4060
4.3280
4.0310
4.4210
4.3590
4.0310
4.5000
4.4210
4.0780
4.5000
4.3900
4.0780
4.5000
4.3900
4.0930
4.5150
4.4210
4.1090
4.5150
4.4370
4.1250
4.5460
4.4370
4.1400
4.6090
4.4840
4.1250
4.6090
4.4840
4.1560
4.5930
4.5150
4.2030
4.6250
4.4680
4.2030
4.6400
4.5780
4.2030
4.6560
4.5930
4.2340
4.6870
4.6090
4.2180
4.7030
4.6560
4.2500
4.7030
4.6400
4.2500
4.7180
4.6710
4.2810
4.7180
4.6870
4.2960
4.7180
4.7030
4.3280
4.7340
4.7500
4.3120
4.7500
4.7650
4.3430
4.7650
4.8120
4.3590
4.7960
4.7960
4.4370
4.8590
4.8120
4.4210
4.8120
4.8430
4.4840
4.8590
4.8590
4.4840
4.9060
4.8590
4.5000
4.9060
4.8750
4.5150
4.9210
4.9060
4.5310
4.9370
4.8900
4.5460
4.9680
4.9210
4.5930
4.9680
4.9210
4.5780
4.9840
4.9370
4.6090
5.0000
4.9530
4.6250
5.0000
4.9680
4.6400
5.0000
4.9680
4.7030
5.0310
4.9680
4.6710
5.0460
4.9680
4.7180
5.0460
5.0780
4.7500
5.0780
4.9840
4.8430
5.0930
5.0460
4.7810
5.1250
5.0460
4.8590
5.1560
5.1090
4.8900
5.1560
5.1090
4.9840
5.1710
5.1250
4.9370
5.1710
5.1250
4.9210
5.1870
5.1400
4.9530
5.2180
5.1870
4.9840
5.2340
5.1870
5.0000
5.2500
5.2180
5.0150
5.2810
5.2650
5.0310
5.3280
5.2340
5.0930
5.3120
5.3120
5.1090
5.3590
5.3430
5.1560
5.3590
5.3430
5.1710
5.4060
5.3750
5.1400
5.3750
5.3900
5.2030
5.5000
5.4210
5.2180
5.4210
5.4210
5.2340
5.5620
5.4370
5.2340
5.5620
5.4530
5.2650
5.7500
5.4680
5.2960
5.5780
5.4840
5.3430
5.8120
5.4840
5.3750
5.8430
5.5000
5.4060
5.8900
5.5000
5.4530
5.9060
5.5310
5.4370
5.9210
5.5310
5.4680
5.9370
5.5310
5.4840
6.0000
5.5620
5.5000
6.0150
5.5620
5.5150
6.1250
5.5780
5.5310
6.0620
5.5930
5.5460
6.0780
5.6870
5.5620
6.0620
5.5930
5.5460
6.0930
5.7030
5.6560
6.1250
5.7180
5.6710
6.1400
5.7340
5.7180
6.1400
5.8430
5.6870
6.1400
5.8900
5.7030
6.1710
5.9210
5.7030
6.2650
5.8900
5.7030
6.1710
5.9370
5.7180
6.2650
5.9530
5.7340
6.2340
5.9680
5.7650
6.2500
5.9840
5.7810
6.2960
5.9680
5.7960
6.2500
6.0150
5.8120
6.2810
6.0000
5.8120
6.3120
6.0000
5.8430
6.3280
6.0150
5.8430
6.3280
6.0310
5.8750
6.3430
6.0460
5.9060
6.3430
6.0310
5.9210
6.3750
6.0460
5.9370
6.4370
6.0460
5.9530
6.4530
6.0620
6.0000
6.4530
6.0780
6.0310
6.4680
6.0930
6.0150
6.4680
6.1560
6.0460
6.5150
6.1710
6.0780
6.5460
6.2180
6.0780
6.5620
6.2180
6.1090
6.5780
6.2500
6.1250
6.5620
6.2650
6.1560
6.5930
6.2340
6.1560
6.6250
6.2810
6.1870
6.6250
6.2810
6.1870
6.6400
6.3120
6.2500
6.6560
6.3430
6.2650
6.6870
6.3900
6.2650
6.7180
6.4210
6.3120
6.7500
6.4210
6.3430
6.7650
6.4530
6.3750
6.7960
6.4370
6.3440
6.7970
6.4220
6.4690
6.8440
6.4380
6.4380
6.8600
6.4850
6.3910
6.9060
6.5000
6.4850
6.9380
6.5160
6.5160
7.0160
6.5470
6.5470
7.0310
6.5780
6.5310
7.0630
6.5780
6.5780
7.0940
6.6100
6.5630
7.0630
6.6560
6.5780
7.1100
6.6880
6.6250
7.1560
6.6720
6.6410
7.1410
6.7500
6.6560
7.1560
6.7500
6.6720
7.1720
6.7970
6.7030
7.1560
6.7660
6.7660
7.1880
6.7970
6.7190
7.2190
6.8130
6.7500
7.2350
6.8600
6.8910
7.2350
6.8750
6.7970
7.2500
6.9060
6.8910
7.2500
6.9220
6.9060
7.2810
6.9060
6.9380
7.2660
6.9530
6.9060
7.2970
6.9690
6.9060
7.3280
7.0470
6.9380
7.3280
7.0630
6.9530
7.3280
7.0780
6.9850
7.3750
7.0940
6.9850
7.3910
7.1250
7.0000
7.4220
7.1250
7.0160
7.4220
7.1720
7.0470
7.4380
7.1100
7.0630
7.4380
7.1880
7.0940
7.4690
7.2190
7.0940
7.4690
7.2350
7.1250
7.4850
7.2350
7.1410
7.5310
7.2660
7.1880
7.4850
7.2810
7.1560
7.5780
7.2970
7.1880
7.5470
7.3440
7.2030
7.5940
7.3130
7.2660
7.5940
7.3600
7.3280
7.5940
7.3750
7.2970
7.5940
7.3910
7.2810
7.5940
7.3910
7.3750
7.5940
7.4220
7.3910
7.5940
7.4220
7.4060
7.5940
7.4220
7.4060
7.6100
7.4690
7.4690
7.6100
7.4850
7.4220
7.6100
7.5160
7.4850
7.6100
7.5160
7.4850
7.6100
7.5000
7.5000
7.6100
7.5160
7.5000
7.6100
7.5310
7.5160
7.6100
7.5470
7.5630
7.6100
7.5940
7.5630
7.6100
7.6100
7.5630
7.6100
7.6100
0.9210
0.3430
1.2180
0.9680
0.3750
0.9210
0.1400
0.8590
0.1560
1.3430
0.9210
0.9530
1.2030
0.9530
0.8590
1.2960
1.1250
0.7650
0.8900
1.0310
0.2500
0.9690
1.1720
0.2810
0.9690
1.0310
1.0310
0.7810
0.7970
1.2350
0.7810
0.8600
1.0940
0.6100
0.8750
0.8280
1.1560
1.1560
1.3600
0.9530
1.0470
1.0000
1.2190
1.2500
0.7660
0.7350
1.0780
1.2030
0.9850
0.9530
0.7810
0.7810
1.1410
1.2500
0.8750
1.2810
1.0000
1.0160
0.6880
0.6100
1.1560
0.2500
0.8600
1.1560
0.9530
1.0160
0.9220
1.2030
0.5000
1.1250
0.9840
1.3120
1.1720
1.1090
0.9690
1.0310
1.2340
0.9370
0.6400
0.9060
0.9530
0.9220
0.9690
1.1400
0.8280
1.0620
1.2810
0.2030
0.8440
0.9060
1.2500
1.2030
1.0000
1.2970
1.2810
0.9840
1.0620
1.2030
1.2340
1.2650
0.8900
1.2970
1.1560
1.2030
1.2500
1.3440
1.2650
1.3590
1.3900
1.3120
1.4060
1.4060
1.3440
1.4370
1.3590
1.2810
1.4690
1.4060
1.3440
1.4370
1.4220
1.3590
1.4370
1.4370
1.3750
1.4690
1.4690
1.3900
1.5150
1.4840
1.4060
1.5620
1.5150
1.4220
1.5940
1.5620
1.4530
1.6090
1.5780
1.4060
1.6400
1.6090
1.4530
1.6720
1.6090
1.4840
1.7340
1.6090
1.5150
1.7030
1.6090
1.5000
1.7810
1.6250
1.5310
1.7340
1.6400
1.5620
1.8120
1.6560
1.5780
1.7970
1.6870
1.6720
1.8280
1.7030
1.6090
1.8440
1.7340
1.7030
1.8440
1.7030
1.7190
1.8900
1.7500
1.7810
1.9060
1.7970
1.7810
1.9220
1.7810
1.7970
1.9220
1.7650
1.8280
1.9530
1.8590
1.8440
1.9530
1.8280
1.8590
1.9530
1.8590
1.9370
2.0310
1.8750
1.9840
1.9840
1.8750
2.0310
2.0620
1.9060
2.0150
2.0940
1.8750
2.0310
2.1090
1.8900
2.0940
2.1870
1.9060
2.0780
2.1250
1.9220
2.1090
2.1720
1.9370
2.2030
2.1870
1.9530
2.1560
2.2190
1.9840
2.1870
2.2650
1.9840
2.2500
2.2190
2.0000
2.2500
2.2810
2.0470
2.3280
2.2650
2.1090
2.2650
2.2970
2.0940
2.3120
2.3120
2.1720
2.3750
2.3280
2.1720
2.3280
2.3120
2.1870
2.3590
2.3440
2.2340
2.3900
2.4220
2.2970
2.4060
2.4530
2.3120
2.4220
2.4690
2.3590
2.4220
2.5000
2.3900
2.4220
2.5000
2.4060
2.4530
2.5150
2.4220
2.4690
2.5320
2.4220
2.5000
2.5630
2.4380
2.5320
2.5160
2.4690
2.6100
2.5940
2.5000
2.6410
2.5940
2.5320
2.6880
2.6100
2.5470
2.6720
2.6250
2.5790
2.7190
2.6570
2.6100
2.8130
2.6880
2.6250
2.8440
2.6880
2.8290
2.8750
2.7040
2.6410
2.8910
2.7190
2.6880
2.8750
2.7660
2.7040
2.8910
2.7660
2.7970
2.8910
2.8440
2.7350
2.9220
2.8910
2.8290
2.9850
2.9380
2.8600
3.0160
3.0630
2.8750
2.9850
3.0470
2.8910
3.0160
3.0160
2.9070
3.0630
3.1570
2.9540
3.0470
3.1100
2.9690
3.0790
3.1720
2.9690
3.0940
3.1880
2.9850
3.0940
3.2190
3.0000
3.1410
3.2500
3.0000
3.2350
3.2660
3.0160
3.1720
3.2970
3.0320
3.1720
3.3290
3.0790
3.1880
3.3750
3.0470
3.2190
3.3600
3.2660
3.2500
3.4070
3.2190
3.2350
3.4220
3.1100
3.3130
3.4380
3.2970
3.2820
3.4850
3.1570
3.3440
3.5160
3.3600
3.2970
3.5320
3.3130
3.3750
3.6410
3.3600
3.3440
3.6570
3.3440
3.3910
3.6570
3.3910
3.4070
3.7350
3.3910
3.4220
3.6720
3.4220
3.4070
3.7190
3.4380
3.4540
3.6720
3.4540
3.4380
3.7820
3.4540
3.4540
3.7500
3.4690
3.4690
3.8130
3.5000
3.5160
3.8130
3.5160
3.5630
3.8290
3.5470
3.6410
3.8290
3.5790
3.5940
3.8750
3.5790
3.6100
3.8440
3.5790
3.6720
3.8440
3.5940
3.6570
3.9070
3.6250
3.6880
3.8910
3.6100
3.7190
3.9540
3.6250
3.7190
3.9850
3.6570
3.7350
4.1100
3.6410
3.7500
4.0630
3.6570
3.7820
4.1250
3.6880
3.7970
4.1410
3.6880
3.8130
4.1410
3.7190
3.8910
4.1570
3.7500
3.8440
4.1570
3.7660
4.0470
4.1570
3.8440
3.9220
4.1880
3.8290
3.9690
4.2500
3.8440
3.9850
4.2820
3.8600
4.0790
4.3290
3.8910
4.0630
4.3600
3.9070
4.0790
4.3290
3.9380
4.1250
4.3440
4.0160
4.1410
4.3290
3.9850
4.1570
4.4220
4.0160
4.1720
4.3910
4.0320
4.2040
4.5160
4.0630
4.2350
4.5630
4.0630
4.2500
4.5940
4.0470
4.2500
4.5940
4.0790
4.2820
4.6410
4.1100
4.3290
4.6570
4.1410
4.3910
4.6720
4.1570
4.4070
4.7350
4.2190
4.4220
4.7820
4.2040
4.3290
4.8130
4.2190
4.4380
4.7500
4.2040
4.4540
4.8290
4.2500
4.4380
4.8750
4.2820
4.5000
4.8750
4.3130
4.4540
4.8910
4.2820
4.5160
4.9220
4.3290
4.4690
4.9540
4.3440
4.5790
4.9690
4.3600
4.5940
4.9690
4.3750
4.6100
5.0320
4.4540
4.5940
5.0470
4.5160
4.6100
5.0630
4.5470
4.6250
5.2190
4.5470
4.6410
5.2040
4.5630
4.6570
5.1250
4.5790
4.7040
5.1100
4.5940
4.7190
5.1880
4.6100
4.7350
5.1570
4.6250
4.7500
5.2350
4.6250
4.8290
5.2350
4.6410
4.8600
5.2500
4.7040
4.7820
5.3130
4.6410
4.8750
5.2820
4.6570
4.9070
5.2820
4.6720
4.9070
5.2500
4.7350
4.9220
5.3750
4.7190
5.0000
5.3130
4.7350
4.9690
5.3750
4.7500
5.0320
5.3440
4.7660
5.0000
5.4070
4.7660
5.0320
5.3750
4.7820
5.0320
5.4220
4.7970
5.0470
5.4380
4.7970
5.0790
5.4540
4.8290
5.0790
5.4850
4.8750
5.0940
5.5000
4.8290
5.0940
5.5000
4.9220
5.1250
5.5000
4.9380
5.1100
5.5160
4.9540
5.1250
5.5320
4.9690
5.1880
5.5470
4.9850
5.1720
5.5630
5.0160
5.1410
5.5630
5.0320
5.2350
5.5940
5.0320
5.2190
5.6250
5.0790
5.2350
5.7040
5.0790
5.2500
5.7190
5.0470
5.2500
5.7500
5.0790
5.3290
5.7660
5.0940
5.3130
5.7820
5.0940
5.2820
5.7970
5.1100
5.3440
5.8290
5.1720
5.3600
5.8600
5.1720
5.3750
5.9220
5.1570
5.3910
5.9220
5.2500
5.4070
5.9690
5.2820
5.4380
5.9540
5.2500
5.4380
5.9690
5.3290
5.4690
5.9850
5.3130
5.4850
6.0000
5.3290
5.5000
6.0320
5.3440
5.5470
6.0160
5.3440
5.5160
6.0160
5.3440
5.5470
6.0160
5.3590
5.5470
6.0470
5.3590
5.6090
6.0940
5.3750
5.6250
6.1090
5.4060
5.6410
6.1090
5.4220
5.6560
6.1250
5.4690
5.6720
6.1720
5.4840
5.6880
6.2030
5.5160
5.7190
6.2030
5.5310
5.7340
6.2340
5.5470
5.7500
6.2190
5.5630
5.7810
6.2660
5.5780
5.7970
6.2810
5.6090
5.8440
6.2970
5.6410
5.8750
6.3280
5.6880
5.8910
6.4380
5.7190
5.8910
6.3590
5.6880
5.9060
6.5310
5.7190
5.9060
6.5470
5.7190
5.9060
6.5630
5.7810
5.9220
6.5940
5.7810
5.9380
6.6250
5.8130
5.9530
6.6410
5.8280
6.0310
6.6560
5.8280
5.9690
6.6720
5.8440
5.9840
6.6880
5.8440
6.0630
6.6880
5.8750
6.0780
6.7030
5.8750
6.0940
6.7030
5.9220
6.1090
6.7660
5.9220
6.1090
6.7810
6.0310
6.1250
6.7970
6.0160
6.1560
6.7970
5.9840
6.1720
6.8130
6.0940
6.1880
6.8440
6.0630
6.2660
6.8590
6.1720
6.2190
6.8750
6.1250
6.2030
6.8910
6.2340
6.2340
6.9220
6.1880
6.2660
6.9530
6.2340
6.2660
6.9530
6.2660
6.2810
7.0310
6.2660
6.2810
7.0780
6.2810
6.3750
6.9690
6.2810
6.3910
7.0160
6.3130
6.4530
7.0940
6.3130
6.4840
7.1090
6.3280
6.5000
7.1090
6.3280
6.5310
7.1250
6.4060
6.5470
7.1410
6.4220
6.5470
7.1560
6.4530
6.5940
7.1720
6.4690
6.5780
7.2030
6.4690
6.6090
7.2340
6.5000
6.6250
7.2190
6.5310
6.6560
7.2340
6.5310
6.7030
7.2190
6.5470
6.7190
7.2340
6.5630
6.7030
7.2340
6.5630
6.7340
7.2340
6.5470
6.7810
7.2340
6.5780
6.7970
7.2340
6.5940
6.8130
7.2340
6.6090
6.8280
7.2340
6.6410
6.8280
7.2340
6.6250
6.8440
7.2340
6.6720
6.8590
7.2340
6.7030
6.8910
7.2340
6.7970
6.9380
7.2340
6.7340
6.9690
7.2340
6.8130
7.0000
7.2340
6.8280
7.0160
7.2340
6.8910
7.0160
7.2340
6.8590
7.0470
7.2340
6.8750
7.0470
7.2340
6.9220
7.0470
7.2340
6.9220
7.0780
7.2340
6.9380
7.0940
7.2340
6.9840
7.1090
7.2340
7.0000
7.1090
7.2340
7.0160
7.1250
7.2340
7.0630
7.1410
7.2340
7.0310
7.1720
7.2500
7.0630
7.2030
7.2500
7.0630
7.2190
7.2500
7.0780
7.2340
7.2500
7.0940
7.2340
7.2500
7.0940
7.2340
7.2500
7.1410
7.2340
7.2500
7.1410
7.2340
7.2500
7.1720
7.2340
7.2500
7.1720
7.2340
7.2500
7.1880
7.2340
7.2500
7.2340
7.2340
7.2500
7.2190
7.2340
7.2500
7.2340
7.2340
7.2500
7.2500
0.4680
0.6250
0.9840
1.0000
0.9060
0.5780
0.2030
0.2180
0.7340
1.0310
1.2650
1.2340
0.8900
0.9370
1.1090
1.2180
1.2810
1.1560
1.2500
1.1870
1.0310
1.1400
1.2030
0.5000
0.8430
1.3120
0.9220
0.6400
1.0310
1.2180
0.8590
0.1870
0.9370
0.7810
1.0780
0.9530
1.3590
0.3280
1.0620
0.9060
1.3590
1.0620
1.3280
1.2810
1.0940
1.0320
0.2820
0.1250
0.9070
1.0320
0.9850
0.3600
1.2500
0.9850
1.1880
0.7970
1.2500
1.2820
0.8280
0.6570
1.3750
1.2190
1.2030
0.7970
0.8130
1.2350
1.3440
0.8600
0.2190
0.3130
0.8130
1.2820
0.8600
0.8280
1.2190
1.1250
1.1250
1.1560
0.9530
1.1720
1.2810
0.7030
0.9220
1.2660
0.2500
0.9840
0.5000
1.3910
1.3590
0.7660
1.3120
0.8750
1.0000
1.1870
1.2190
0.7500
0.4060
0.7190
0.9370
0.9220
1.3280
0.8750
1.1560
1.1870
1.2500
1.0160
1.3750
1.2970
1.4370
1.3910
1.3280
1.3910
1.4060
1.2970
1.4530
1.4060
1.3280
1.5160
1.4370
1.4060
1.5470
1.4530
1.3910
1.5620
1.4840
1.4220
1.6090
1.5160
1.4370
1.6250
1.5470
1.4530
1.6090
1.5780
1.4690
1.6090
1.5780
1.4840
1.6250
1.6090
1.5160
1.6410
1.6250
1.5310
1.6560
1.6250
1.5620
1.6720
1.6560
1.5780
1.7030
1.6560
1.6250
1.7500
1.6870
1.7340
1.7190
1.6560
1.5940
1.7340
1.7030
1.5940
1.7660
1.7030
1.6720
1.7970
1.7340
1.7030
1.7970
1.7660
1.7500
1.8120
1.7660
1.7500
1.8280
1.7970
1.8120
1.9060
1.8440
1.7810
1.8440
1.8120
1.8280
1.8910
1.8280
1.8910
1.9220
1.8590
1.9220
1.9370
1.8910
1.9370
1.9840
1.9370
1.9220
2.0000
1.9840
1.9370
2.0160
2.0160
1.9690
2.0620
2.0470
1.9690
2.1090
2.0620
1.9690
2.1250
2.0470
1.9840
2.1090
2.0620
1.9840
2.1250
2.0780
2.0000
2.1410
2.0940
2.0160
2.1560
2.1090
2.0780
2.2030
2.1250
2.0470
2.2190
2.1410
2.0940
2.2340
2.1560
2.1090
2.2500
2.1410
2.1250
2.2970
2.1870
2.1560
2.2660
2.1870
2.1560
2.2810
2.2190
2.1720
2.2970
2.2340
2.1720
2.3120
2.2970
2.1870
2.3750
2.3910
2.1870
2.3440
2.4220
2.2030
2.4060
2.3750
2.2190
2.4370
2.4370
2.3910
2.4220
2.4370
2.2340
2.4060
2.4690
2.3590
2.4690
2.4690
2.3280
2.5000
2.5000
2.3590
2.5000
2.5470
2.3910
2.5160
2.5160
2.4060
2.5620
2.5470
2.4370
2.5470
2.5780
2.4530
2.6090
2.6090
2.4840
2.6090
2.6410
2.5000
2.6560
2.6720
2.5310
2.6720
2.6710
2.5310
2.6870
2.6560
2.5620
2.6710
2.6870
2.5780
2.7030
2.7340
2.6250
2.7500
2.7500
2.5930
2.8120
2.7650
2.6400
2.7180
2.7810
2.6710
2.7340
2.7810
2.6870
2.8280
2.7960
2.7180
2.8750
2.8120
2.7030
2.8750
2.8280
2.7340
2.8900
2.8430
2.7650
2.9210
2.8750
2.7960
2.9060
2.9210
2.8280
2.9530
2.9840
2.8750
2.9680
3.0000
2.9060
2.9840
3.0150
2.9060
3.0000
3.0620
2.9370
3.0310
3.0780
2.9210
3.0460
3.0930
2.9530
3.0620
3.0620
2.9370
3.0780
3.1090
2.9530
3.0930
3.1400
2.9530
3.1400
3.2650
2.9680
3.1250
3.1560
3.0460
3.1710
3.2650
3.0150
3.2180
3.3430
3.0150
3.2340
3.3590
3.0620
3.2650
3.4060
3.0780
3.3120
3.3750
3.0930
3.3120
3.4210
3.0930
3.3280
3.4530
3.0930
3.3590
3.4680
3.0930
3.3750
3.4840
3.1090
3.4060
3.5000
3.1250
3.3750
3.5000
3.1400
3.4210
3.5780
3.1560
3.4210
3.5150
3.1710
3.4370
3.5460
3.2180
3.4370
3.6400
3.2180
3.4370
3.6250
3.2180
3.5460
3.6870
3.2340
3.5310
3.5930
3.2650
3.4530
3.7030
3.2500
3.5930
3.7180
3.2810
3.5930
3.7340
3.2960
3.6090
3.7650
3.3280
3.5930
3.7340
3.3280
3.6560
3.7810
3.3590
3.6250
3.7810
3.3590
3.6560
3.7650
3.3750
3.6560
3.8280
3.3900
3.6400
3.8430
3.3900
3.6710
3.7960
3.4370
3.6710
3.8120
3.4530
3.6870
3.8750
3.5000
3.7500
3.8590
3.5310
3.7650
3.9060
3.5460
3.7810
3.9210
3.5930
3.8120
3.9840
3.6090
3.8430
3.9680
3.6090
3.8430
4.0150
3.6560
3.8590
4.0310
3.6250
3.8750
4.0310
3.6560
3.9060
4.0460
3.7180
3.9530
4.0620
3.7650
3.9060
4.0780
3.6710
3.9210
4.0930
3.8120
3.9370
4.1090
3.7500
3.9840
4.1400
3.8280
4.0460
4.1560
3.8280
4.0460
4.1400
3.8590
4.0620
4.1560
3.8590
4.0780
4.1710
3.8750
4.0780
4.1870
3.8900
4.1090
4.1870
3.9060
4.0930
4.2180
3.8900
4.0780
4.1870
3.9210
4.1250
4.2180
3.9370
4.1560
4.2810
3.9840
4.2030
4.2810
3.9840
4.2810
4.2960
4.0000
4.3120
4.3280
4.0150
4.4210
4.3430
4.0150
4.4370
4.3590
4.0310
4.4210
4.3900
4.0310
4.4530
4.4680
4.0460
4.5000
4.4370
4.1090
4.4680
4.5150
4.0780
4.5310
4.5000
4.1250
4.5310
4.5310
4.1400
4.5930
4.5620
4.1560
4.6090
4.5780
4.1560
4.6090
4.6710
4.2180
4.6560
4.7180
4.2030
4.6870
4.7500
4.2340
4.7180
4.7500
4.2500
4.7030
4.7960
4.2810
4.7500
4.7810
4.2960
4.7340
4.7960
4.2960
4.7500
4.8120
4.3590
4.7810
4.8120
4.3280
4.9060
4.8280
4.3750
4.7960
4.8750
4.3750
4.8120
4.8750
4.3900
4.9530
4.8900
4.3900
4.9370
4.9060
4.4060
4.9530
4.9370
4.4530
5.0150
4.9060
4.5000
4.9840
4.9370
4.5150
4.9680
4.9680
4.5780
5.0000
4.9530
4.5620
5.0310
4.9840
4.5780
5.0620
5.0310
4.5310
5.0780
5.0310
4.6250
5.1400
5.0460
4.6710
5.1090
5.0620
4.6870
5.1090
5.0620
4.7340
5.1560
5.0780
4.7180
5.1710
5.0780
4.6870
5.2030
5.1400
4.7030
5.2030
5.1090
4.6870
5.2340
5.1710
4.7650
5.2960
5.2810
4.8280
5.2650
5.2030
4.8750
5.2960
5.2650
4.8900
5.3120
5.2650
4.9370
5.3280
5.2960
4.9530
5.3900
5.2960
4.8900
5.5000
5.3280
4.9680
5.4370
5.3280
4.9840
5.4060
5.3430
5.0000
5.6250
5.3590
5.0460
5.5150
5.3750
5.0620
5.6090
5.4060
5.0310
5.5310
5.4370
5.0620
5.5620
5.4370
5.0930
5.6400
5.5000
5.1250
5.6400
5.4840
5.1400
5.6870
5.5000
5.1560
5.7180
5.5150
5.2180
5.7500
5.5460
5.2340
5.7500
5.5620
5.2340
5.7500
5.5780
5.2500
5.7810
5.5460
5.2960
5.7960
5.6400
5.3120
5.8120
5.5930
5.3120
5.8430
5.6710
5.3280
5.8280
5.6090
5.3430
5.8430
5.6400
5.3590
5.9060
5.6400
5.4060
5.9210
5.7030
5.3900
5.9530
5.7180
5.4370
5.9680
5.7030
5.4530
5.9840
5.7340
5.4530
6.0000
5.7650
5.4530
6.0000
5.7960
5.4840
6.1090
5.7960
5.4840
6.0620
5.8280
5.5000
6.0780
5.8280
5.5150
6.0930
5.8430
5.5310
6.1250
5.9060
5.5460
6.1560
5.9370
5.5460
6.1400
5.9210
5.5620
6.1400
5.9530
5.6250
6.1560
5.9680
5.6560
6.1560
5.9690
5.6100
6.1720
5.9850
5.6720
6.1720
6.0160
5.6720
6.2030
6.0310
5.7190
6.2030
6.0310
5.7350
6.2350
6.0940
5.7660
6.2190
6.0630
5.8130
6.2350
6.1250
5.7970
6.2350
6.1560
5.8130
6.2500
6.1720
5.8280
6.2500
6.2030
5.8600
6.2660
6.2190
5.8600
6.2660
6.2350
5.8750
6.2660
6.2810
5.9060
6.3440
6.2500
5.9220
6.2970
6.2970
5.9850
6.3280
6.2810
6.0000
6.3750
6.3280
5.9530
6.3600
6.2970
6.0160
6.4060
6.3280
6.0470
6.4380
6.3440
6.0780
6.4220
6.3600
6.0940
6.4530
6.3600
6.1100
6.5000
6.3910
6.1250
6.4850
6.4220
6.1410
6.5470
6.4220
6.1410
6.5470
6.4380
6.1720
6.5630
6.5000
6.2190
6.6100
6.5310
6.2030
6.7350
6.5470
6.3600
6.6410
6.5630
6.3130
6.7500
6.6410
6.3910
6.7660
6.6560
6.3910
6.7970
6.6720
6.4220
6.8130
6.6560
6.3280
6.8280
6.6720
6.4690
6.8600
6.6720
6.4380
6.9060
6.6880
6.4850
6.8750
6.7030
6.5000
6.9220
6.7660
6.5160
6.9380
6.7810
6.5630
6.9380
6.7500
6.5310
6.9690
6.7810
6.5780
6.9380
6.7970
6.5940
6.9690
6.8130
6.6100
6.9850
6.8280
6.6410
7.0000
6.8600
6.6560
6.9850
6.8440
6.6880
7.0780
6.8750
6.6880
7.0000
6.8750
6.7190
7.0780
6.9060
6.7190
7.0470
6.9380
6.7500
7.0780
6.9530
6.7660
7.0310
6.8910
6.7810
7.0780
6.9690
6.7970
7.0780
6.9690
6.7970
7.0780
6.9850
6.8130
7.0780
7.0000
6.8440
7.0780
7.0310
6.8600
7.0780
7.0470
6.8750
7.0780
7.0470
6.8910
7.0780
7.0470
6.9220
7.0780
7.0630
6.9850
7.0780
7.0630
6.9530
7.0780
7.0630
6.9850
7.0780
7.0630
6.9850
7.0780
7.0630
7.0160
7.0940
7.0630
7.0470
7.0940
7.0630
7.0470
7.0940
1.1720
0.6870
1.2810
0.9370
0.9530
1.2970
0.1090
0.7340
0.3910
0.4840
1.0470
1.1410
1.2970
0.8910
1.2190
1.2810
0.8440
1.0620
0.9530
1.0470
1.1250
1.3910
1.0620
1.0940
1.3590
0.8590
1.3120
1.3590
0.9220
1.1560
1.3440
1.1410
1.2660
1.4530
1.2340
0.9370
0.9060
1.1560
1.1870
1.0150
1.0150
0.8430
0.8430
0.1090
0.9530
1.2180
0.2810
1.0150
0.9680
1.0930
1.0000
1.1710
0.1870
0.8280
0.8590
0.7810
1.0150
1.1400
0.9530
0.8750
0.9840
1.0620
0.8590
1.0460
1.2500
0.9680
1.1400
1.1400
1.2810
0.8750
0.8120
1.2180
0.8430
0.8590
1.0620
0.7500
0.9060
0.5620
0.7960
1.0000
0.7500
1.0620
1.1560
0.8430
0.8750
1.1870
0.7960
1.3430
1.0460
0.6710
0.7180
0.7650
0.8900
1.1250
0.7180
0.7960
1.2810
0.4850
0.8750
1.2350
1.1880
0.9060
1.0940
1.2350
1.2970
1.0000
1.2500
1.3440
1.3750
1.2500
1.3130
1.3910
1.2500
1.3280
1.4380
1.2660
1.3440
1.4530
1.2970
1.3750
1.4530
1.3280
1.4220
1.4690
1.3440
1.4060
1.4850
1.3440
1.4220
1.5160
1.4060
1.4220
1.5160
1.4530
1.4380
1.5000
1.4690
1.4690
1.5630
1.4850
1.5310
1.5310
1.4850
1.4850
1.5780
1.5160
1.5630
1.6250
1.5940
1.5780
1.6100
1.5630
1.5780
1.6560
1.6250
1.5940
1.6100
1.6250
1.6250
1.6720
1.6410
1.6250
1.6880
1.6720
1.6410
1.7190
1.6720
1.6560
1.7500
1.7190
1.6880
1.7810
1.7190
1.7030
1.7970
1.7810
1.7030
1.8280
1.7500
1.7500
1.8280
1.7810
1.7500
1.8600
1.7970
1.8130
1.8750
1.8130
1.8130
1.9220
1.8440
1.8280
1.9530
1.8600
1.8600
2.0000
1.8910
1.8910
2.0160
1.8750
1.9060
2.0000
1.9220
1.9380
2.0160
1.8910
1.9850
2.0630
1.9380
2.0000
2.0940
1.9690
1.9530
2.1100
1.9850
2.0630
2.1560
2.0000
2.0470
2.1720
2.0160
2.0470
2.1880
2.0160
2.0940
2.2190
2.0310
2.1100
2.2500
2.0630
2.1410
2.2660
2.1100
2.1410
2.2500
2.1100
2.1250
2.2810
2.1250
2.1560
2.3130
2.1720
2.1880
2.3440
2.1250
2.2030
2.4220
2.2030
2.2030
2.3750
2.2190
2.2350
2.3910
2.2190
2.2500
2.4380
2.2350
2.2500
2.4380
2.2500
2.2660
2.4530
2.2500
2.2500
2.4690
2.2500
2.2810
2.4690
2.2660
2.3130
2.4690
2.2810
2.3280
2.5000
2.3130
2.3440
2.5160
2.3280
2.3600
2.5160
2.3440
2.3750
2.5470
2.3910
2.4220
2.5310
2.4060
2.3910
2.6100
2.4220
2.4060
2.5940
2.4380
2.4220
2.5630
2.4850
2.4530
2.6100
2.4530
2.4850
2.6100
2.5000
2.5000
2.6410
2.5160
2.5000
2.6560
2.5310
2.5310
2.6560
2.5470
2.5470
2.6880
2.5470
2.5630
2.7030
2.5780
2.5780
2.7190
2.6100
2.5780
2.7350
2.6250
2.5780
2.7350
2.6560
2.5940
2.7350
2.6720
2.6100
2.7660
2.6560
2.6410
2.7810
2.7030
2.6880
2.7660
2.6880
2.6560
2.7970
2.7500
2.6880
2.8440
2.7970
2.7190
2.8750
2.8130
2.7350
2.8910
2.8280
2.7500
2.9060
2.8440
2.7660
2.9220
2.8600
2.7810
2.9530
2.8750
2.7970
2.9530
2.9060
2.8130
2.9690
2.9220
2.8280
2.9690
2.9530
2.8440
2.9850
2.9690
2.8750
3.0160
3.0000
2.9220
3.0310
3.0160
2.8910
3.0470
3.0310
2.9220
3.0780
3.0310
2.9380
3.1100
3.0780
3.0160
3.0940
3.0630
3.0310
3.1250
3.1250
3.0470
3.1250
3.1560
3.0310
3.1720
3.1720
3.0780
3.1720
3.1880
3.0940
3.2030
3.2030
3.0940
3.2190
3.2350
3.1100
3.1720
3.2500
3.1250
3.2500
3.2810
3.1410
3.2660
3.2810
3.1560
3.2810
3.2970
3.1410
3.2810
3.3130
3.2030
3.3130
3.3440
3.1720
3.3280
3.3440
3.1560
3.3910
3.3750
3.2190
3.3910
3.3750
3.2350
3.4220
3.3910
3.2660
3.4220
3.4060
3.2970
3.4380
3.4220
3.3130
3.4380
3.4380
3.3130
3.4690
3.5160
3.3600
3.4850
3.4690
3.4060
3.5470
3.5630
3.4220
3.5310
3.5470
3.4380
3.5470
3.5630
3.4380
3.5630
3.5630
3.4380
3.5780
3.6100
3.4530
3.6100
3.6100
3.4690
3.6250
3.6250
3.4850
3.6250
3.6410
3.5310
3.6250
3.6560
3.5000
3.7350
3.6560
3.5780
3.6720
3.6720
3.5780
3.7500
3.6880
3.5940
3.7660
3.7030
3.6250
3.7970
3.7190
3.6410
3.7810
3.7500
3.6720
3.7810
3.7660
3.6720
3.7970
3.7970
3.6870
3.8120
3.7810
3.7190
3.8280
3.9220
3.7340
3.8750
3.8280
3.7500
3.8900
3.8900
3.7650
3.9060
3.9370
3.7810
3.9220
3.9370
3.7650
3.9060
3.9530
3.8120
3.9220
3.9530
3.8120
3.9690
3.9690
3.8120
3.9530
3.9690
3.8280
4.0000
4.0000
3.8590
4.0620
4.0150
3.8750
4.0150
4.0470
3.8900
4.1400
4.0620
3.9060
4.1090
4.0940
3.9370
4.1250
4.0780
3.9690
4.1560
4.1090
3.9530
4.1720
4.1250
3.9840
4.1720
4.1400
4.0310
4.2030
4.1400
4.0000
4.2650
4.1560
4.0000
4.3120
4.1720
4.0620
4.2500
4.2190
4.0940
4.2970
4.2190
4.1090
4.3280
4.2500
4.1090
4.3440
4.2500
4.1090
4.3900
4.2810
4.1400
4.3590
4.3120
4.1560
4.4530
4.3440
4.1720
4.4530
4.3750
4.2190
4.4690
4.3900
4.2030
4.5310
4.4220
4.2190
4.5000
4.3900
4.2340
4.6250
4.4530
4.2650
4.6400
4.4840
4.2810
4.6400
4.5470
4.2970
4.6400
4.5620
4.3120
4.6560
4.6250
4.3440
4.6870
4.5940
4.3590
4.7030
4.6720
4.4370
4.7030
4.6720
4.4690
4.7190
4.6870
4.4530
4.7650
4.7190
4.4840
4.7970
4.7340
4.7190
4.8280
4.7500
4.5620
4.9060
4.7340
4.7030
4.8280
4.7810
4.6250
4.8440
4.8120
4.6720
4.8750
4.8590
4.6090
4.9370
4.8750
4.7810
4.9530
4.8590
4.7810
4.9690
4.9220
4.8120
5.0000
4.9220
4.9060
5.0000
4.9370
4.8120
5.0000
5.0470
4.8440
5.0000
5.0150
4.9530
5.0310
5.0470
4.9530
5.0620
5.0470
5.0000
5.0940
5.0620
5.0310
5.1090
5.1250
5.0780
5.1250
5.1400
5.1090
5.1250
5.1560
5.0780
5.2190
5.1720
5.0940
5.1400
5.2190
5.1090
5.1720
5.1870
5.1560
5.1870
5.2030
5.1250
5.2190
5.2650
5.1560
5.2340
5.2500
5.1560
5.2500
5.3120
5.2030
5.2970
5.3590
5.2650
5.2970
5.4060
5.2970
5.3120
5.4840
5.2970
5.3280
5.4220
5.3590
5.3590
5.5000
5.3900
5.4220
5.5310
5.4220
5.3900
5.5620
5.4060
5.4370
5.5620
5.4370
5.4530
5.5780
5.4370
5.5150
5.5780
5.4690
5.4690
5.6250
5.5000
5.5150
5.6250
5.5470
5.5470
5.6400
5.5310
5.5310
5.6870
5.5620
5.5620
5.6720
5.6720
5.5780
5.7030
5.6560
5.5620
5.7190
5.6720
5.6250
5.7340
5.7500
5.6560
5.8120
5.7810
5.6870
5.7500
5.7650
5.7340
5.7500
5.7810
5.7500
5.8440
5.7810
5.7650
5.8280
5.8120
5.7970
5.8280
5.8590
5.7970
5.8590
5.8280
5.8280
5.8900
5.8590
5.8590
5.9060
5.9060
5.8750
5.9060
5.9060
5.8750
5.9530
6.0310
5.9060
5.9530
6.1090
5.8900
5.9530
5.9530
5.9530
6.0310
5.9530
5.9530
5.9840
6.1560
5.9690
6.0620
6.1560
5.9840
6.0940
6.1870
6.0150
6.1090
6.2500
6.0940
6.1560
6.2650
6.0940
6.1720
6.2970
6.1250
6.2030
6.3120
6.1400
6.2810
6.3590
6.1560
6.2190
6.3750
6.1560
6.2650
6.4060
6.1720
6.2970
6.4060
6.1720
6.3120
6.4220
6.1870
6.3440
6.5150
6.2030
6.3900
6.4530
6.2190
6.3900
6.4220
6.2340
6.4060
6.5470
6.2500
6.4370
6.5310
6.2500
6.4530
6.6090
6.2810
6.5000
6.6400
6.2970
6.5150
6.6720
6.3280
6.5310
6.6870
6.3120
6.5620
6.6400
6.3590
6.5940
6.7030
6.3750
6.6090
6.6870
6.3900
6.6250
6.7030
6.3900
6.6560
6.7190
6.4060
6.6560
6.7190
6.4060
6.7500
6.7340
6.4220
6.7030
6.7340
6.4370
6.8120
6.7500
6.4530
6.8590
6.7500
6.4690
6.9060
6.7650
6.5000
6.9370
6.7810
6.5150
6.9690
6.8280
6.5150
6.9690
6.8440
6.5780
7.0000
6.8440
6.6250
7.0150
6.8590
6.5940
7.0780
6.9060
6.6400
7.0620
6.8900
6.6560
7.0780
6.9220
6.7030
7.0940
6.9220
6.7810
7.0940
6.9840
6.7340
7.0940
7.0150
6.7500
7.0940
7.0310
6.7970
7.0940
7.0620
6.8280
7.0940
7.0780
6.8590
7.0940
7.0940
6.9060
7.0940
7.1090
6.9220
7.0940
7.1090
6.9370
7.0790
7.0940
7.0000
7.0790
7.0940
6.9850
7.0790
7.0940
7.0160
7.0790
7.0940
7.0160
7.0790
7.0940
7.0320
7.0790
7.0940
7.1100
7.0790
7.0940
7.0940
7.0790
7.1100
7.1250
7.0790
7.1100
7.1100
7.0790
7.1100
7.1250
7.0790
7.1100
7.1250
7.0790
7.1100
7.1250
7.0790
7.1100
7.1250
7.0790
7.1100
7.1250
7.0790
7.1100
7.1250
1.1560
0.2030
0.7030
1.0470
0.1410
1.4380
0.9690
0.8280
0.5780
0.9060
1.0470
0.8130
1.0940
0.5940
0.7810
1.0470
1.3130
0.7660
1.0470
0.9380
1.4220
1.1090
1.3280
1.3130
1.0780
1.1090
0.7660
0.7660
1.0940
1.1880
1.2970
0.8750
1.2030
0.9380
1.0780
1.2030
1.2190
1.2340
1.0000
1.3130
1.0630
1.2190
0.8440
0.7810
1.1880
1.2660
0.7970
1.0620
0.8750
1.0150
1.0310
1.1720
0.9840
1.0150
0.8590
1.1870
0.1090
1.0150
0.4220
1.3750
0.8120
0.9060
1.0620
1.0930
0.9220
0.3900
1.0470
1.2810
0.9680
1.0930
0.9680
1.4530
0.8280
1.2650
0.8430
0.9060
1.1250
1.1250
1.2180
0.6090
0.7970
1.0780
1.1400
1.2500
1.2970
1.1560
0.8590
1.0000
1.0000
1.2970
1.1560
1.0780
1.4370
1.2340
0.8430
1.2190
1.1250
0.9220
0.8280
0.2820
1.3280
1.2190
0.9380
1.3130
1.4530
1.2190
1.2970
1.4690
1.3440
1.3440
1.4690
1.2820
1.3600
1.4850
1.3130
1.3750
1.5000
1.3600
1.4070
1.4850
1.3600
1.4070
1.5000
1.4070
1.4220
1.5630
1.4690
1.4380
1.5940
1.4530
1.4380
1.5780
1.5160
1.5000
1.5940
1.5160
1.5470
1.6100
1.5320
1.5630
1.6250
1.5320
1.5780
1.6570
1.5630
1.5940
1.6410
1.5780
1.6410
1.6570
1.5940
1.6720
1.7030
1.5940
1.6720
1.7030
1.6100
1.6880
1.6880
1.6570
1.7030
1.7350
1.6720
1.7190
1.7350
1.6720
1.7350
1.7350
1.6720
1.7660
1.7500
1.7030
1.7500
1.7500
1.7190
1.7820
1.8440
1.7350
1.7970
1.8130
1.7500
1.8280
1.8280
1.7660
1.8280
1.8440
1.7820
1.8910
1.8600
1.7970
1.9380
1.8910
1.8440
1.8910
1.9070
1.8910
1.9530
1.9220
1.8600
2.0000
1.9530
1.8910
1.9690
1.9850
1.8910
1.9690
2.0160
1.9220
2.0000
2.0000
1.9530
2.0160
2.0320
1.9690
2.0320
2.0320
2.0000
2.0470
2.0470
2.0320
2.0630
2.0630
2.0470
2.0780
2.0940
2.1410
2.0780
2.1100
2.0780
2.0940
2.1410
2.1570
2.0940
2.1570
2.1720
2.1250
2.1570
2.2190
2.1250
2.1880
2.2500
2.1250
2.1720
2.2500
2.1720
2.1720
2.2970
2.1250
2.1880
2.2820
2.1410
2.2350
2.3130
2.2030
2.2660
2.3130
2.2190
2.2500
2.3600
2.2350
2.2970
2.3750
2.2660
2.2970
2.3910
2.2660
2.2970
2.4070
2.2660
2.2970
2.4220
2.2820
2.3130
2.4690
2.2820
2.3280
2.4380
2.3130
2.3440
2.5630
2.3130
2.3750
2.5780
2.3440
2.3750
2.5940
2.3600
2.4070
2.5940
2.3750
2.3910
2.6250
2.4060
2.4060
2.6410
2.4060
2.4370
2.6560
2.4840
2.4840
2.7030
2.5470
2.4840
2.6560
2.5160
2.5310
2.6870
2.5000
2.6090
2.7500
2.6410
2.6410
2.7660
2.6410
2.5470
2.7970
2.6410
2.6560
2.8120
2.6870
2.7810
2.8280
2.7030
2.8440
2.8280
2.7340
2.8590
2.8440
2.8280
2.8910
2.8590
2.9530
2.9370
2.9060
2.9060
2.9060
2.8750
2.9690
2.9530
2.9220
2.9690
2.9840
2.9220
3.0000
3.0000
2.9530
3.0160
3.0310
3.0310
3.0470
3.0470
2.9690
3.0620
3.0310
2.9840
3.0780
3.0470
2.9690
3.1720
3.0470
3.0000
3.1090
3.0620
3.0620
3.1410
3.1090
3.0620
3.2190
3.0780
3.1560
3.1720
3.1720
3.0940
3.2190
3.1410
3.1720
3.2190
3.1250
3.2190
3.2340
3.0940
3.2500
3.2660
3.2190
3.2500
3.2660
3.1090
3.2660
3.2810
3.2340
3.2970
3.2810
3.2810
3.2970
3.2970
3.3280
3.3280
3.3280
3.2970
3.4060
3.3440
3.3120
3.4370
3.4220
3.3590
3.4690
3.4060
3.3910
3.4530
3.3750
3.4530
3.5000
3.3910
3.4060
3.5160
3.5000
3.5000
3.5310
3.5160
3.4840
3.5620
3.5160
3.5160
3.5620
3.5470
3.5160
3.5620
3.5940
3.5310
3.5940
3.6090
3.5620
3.6410
3.5940
3.6090
3.6410
3.6560
3.6720
3.6560
3.6560
3.7030
3.6720
3.6720
3.7030
3.7030
3.6720
3.7030
3.7030
3.6870
3.7340
3.7660
3.7190
3.7970
3.7500
3.7660
3.7810
3.7660
3.7970
3.8120
3.7970
3.8120
3.8590
3.8120
3.8120
3.8910
3.8120
3.8440
3.8750
3.8440
3.9060
3.9060
3.8750
3.8910
3.9220
3.9060
3.9220
3.9370
3.9370
3.9690
3.9370
3.8590
3.9840
3.9370
3.9220
4.0000
3.9530
3.9840
4.0160
4.0310
3.9530
4.0470
4.0780
4.0160
4.0620
4.0620
4.0160
4.0780
4.0940
4.0310
4.0940
4.1250
4.0780
4.0940
4.1250
4.0940
4.1250
4.1410
4.1560
4.1410
4.1250
4.1250
4.1560
4.1560
4.0940
4.1720
4.1720
4.1720
4.1560
4.1720
4.1720
4.1870
4.1870
4.2030
4.1870
4.2810
4.1870
4.2030
4.3120
4.2190
4.2030
4.3120
4.2970
4.2190
4.3280
4.2500
4.2030
4.3910
4.2810
4.2500
4.3440
4.2810
4.2810
4.4060
4.3120
4.3280
4.4220
4.3280
4.2970
4.4220
4.3750
4.3590
4.5000
4.4220
4.3750
4.5160
4.4060
4.3910
4.5470
4.4370
4.4220
4.5940
4.5000
4.4530
4.6090
4.5160
4.4530
4.6250
4.5160
4.4690
4.6560
4.5310
4.4690
4.6410
4.5620
4.4690
4.6560
4.6090
4.5160
4.6720
4.6090
4.5160
4.6870
4.6250
4.5310
4.7190
4.6720
4.5470
4.7340
4.6870
4.5470
4.7660
4.7030
4.5620
4.7340
4.7190
4.5780
4.7970
4.7190
4.5940
4.8590
4.7340
4.6410
4.8120
4.7340
4.6720
4.9060
4.7660
4.6720
4.8750
4.7810
4.7190
4.8440
4.8280
4.7340
4.9530
4.8120
4.7660
4.9220
4.8590
4.7970
5.0310
4.9690
4.8910
5.0470
4.8910
4.9060
5.0620
4.9060
4.9370
5.0780
4.9840
4.9220
5.1090
5.0310
4.9530
5.1410
5.0470
4.9690
5.2500
5.0940
4.9840
5.1560
5.0620
5.0160
5.1410
5.0940
5.0620
5.2660
5.1090
5.0780
5.2810
5.2190
5.0940
5.2810
5.1410
5.1250
5.2810
5.1560
5.1410
5.2970
5.2500
5.1410
5.2970
5.2660
5.1560
5.3280
5.2970
5.1720
5.2970
5.2970
5.2030
5.3440
5.3120
5.1870
5.3440
5.4060
5.2340
5.3590
5.4220
5.2190
5.3590
5.4220
5.2660
5.3910
5.4370
5.2340
5.4220
5.5620
5.3280
5.4060
5.4370
5.3120
5.4530
5.5310
5.2970
5.4690
5.4840
5.3590
5.4690
5.6090
5.3590
5.5000
5.5620
5.3750
5.5470
5.6410
5.4060
5.5620
5.5780
5.4530
5.5310
5.6560
5.5310
5.5780
5.6560
5.5000
5.6090
5.6870
5.4840
5.6250
5.7030
5.5160
5.6410
5.7190
5.5470
5.6560
5.7500
5.5310
5.6870
5.7970
5.5620
5.7030
5.7500
5.5620
5.6870
5.7810
5.5470
5.7340
5.7970
5.5780
5.7340
5.8120
5.5940
5.7500
5.8440
5.6250
5.7340
5.8280
5.6250
5.7970
5.8910
5.6410
5.8280
5.8750
5.6720
5.8440
5.9220
5.6870
5.8590
5.9060
5.7030
5.8910
5.9530
5.7190
5.9370
5.9690
5.7340
5.9530
5.9060
5.7500
5.9530
5.9840
5.7500
5.9530
6.0310
5.8120
5.9530
6.0000
5.8440
5.9530
6.0620
5.8440
5.9690
6.0470
5.8590
5.9690
6.0780
5.8590
5.9840
6.1090
5.8910
6.0160
6.0780
5.8910
6.0620
6.1410
5.9220
6.0150
6.1400
5.9370
6.0780
6.1400
5.9680
6.0930
6.1560
5.9530
6.1560
6.1710
5.9840
6.2180
6.2030
5.9840
6.2340
6.2340
6.0150
6.2340
6.2500
6.0310
6.2650
6.2650
6.0620
6.2810
6.3120
6.0620
6.3120
6.2960
6.0310
6.3120
6.3280
6.0780
6.4060
6.3430
6.0460
6.4370
6.3750
6.1250
6.4680
6.3900
6.1710
6.5000
6.3590
6.1400
6.5150
6.4210
6.1870
6.5460
6.4210
6.2030
6.5310
6.4530
6.2340
6.5780
6.5000
6.2500
6.5620
6.5460
6.2960
6.5930
6.5620
6.2810
6.6090
6.5930
6.3120
6.6400
6.5930
6.3120
6.6250
6.6090
6.3590
6.6400
6.6090
6.3430
6.6870
6.6400
6.3430
6.7030
6.6710
6.4210
6.6560
6.6870
6.3900
6.7340
6.7180
6.4210
6.7650
6.7650
6.4530
6.7180
6.7340
6.4680
6.7960
6.7810
6.4370
6.8280
6.8120
6.4840
6.8430
6.8120
6.5150
6.9060
6.8280
6.5780
6.9210
6.8280
6.6250
6.9210
6.8590
6.5930
6.9840
6.8750
6.6560
6.9210
6.9530
6.6250
6.9680
6.8900
6.6710
7.0000
6.9840
6.7030
7.0000
6.9840
6.7180
7.0000
7.0000
6.7810
7.0000
7.0000
6.7960
7.0000
7.0150
6.8590
7.0000
7.0150
6.8900
7.0000
7.0150
6.8120
7.0000
7.0150
6.8280
7.0000
7.0150
6.9060
7.0000
7.0150
6.9370
7.0000
7.0150
6.9530
7.0000
7.0310
6.9680
7.0000
7.0310
6.9840
7.0000
7.0310
6.9840
7.0000
7.0310
6.9840
7.0000
7.0310
6.9840
7.0000
7.0310
6.9840
7.0000
7.0310
7.0000
7.0000
7.0310
7.0000
7.0000
7.0310
7.0000
7.0000
7.0310
7.0000
7.0150
7.0310
7.0000
7.0150
7.0310
7.0000
7.0150
7.0310
7.0000
7.0150
7.0310
7.0000
7.0150
7.0310
7.0000
7.0150
7.0310
7.0000
7.0150
7.0310
0.7650
0.2340
0.7970
1.0320
0.9850
0.1720
1.1720
0.3910
1.0790
0.9380
0.8290
0.8910
1.0000
1.4540
1.0790
0.8910
0.4690
1.1100
1.1880
1.0940
1.2040
1.1570
1.0630
0.8290
1.2350
1.4380
0.9220
1.2190
1.2350
0.9220
0.7660
0.9690
0.8600
1.2820
1.3290
0.8130
0.8440
1.0160
0.9540
1.1720
1.0790
0.4070
0.9540
0.6250
1.2040
0.8290
0.9220
0.6100
0.9540
0.9380
1.1720
0.5000
0.2340
0.7810
1.1410
1.1720
1.1410
0.8910
1.0310
1.0160
0.9530
1.1090
0.9840
0.7340
1.2500
0.8750
1.2190
0.3130
1.2810
1.0160
0.7500
0.9530
1.0310
1.0630
1.0940
1.2340
1.1250
0.8910
0.7970
0.3590
1.2030
1.2500
0.2190
1.0160
0.9530
1.3910
1.3440
0.8750
1.2500
0.8430
0.7810
0.4060
0.9530
0.8900
0.8430
0.4680
0.6400
1.2650
1.2340
0.9680
1.1250
1.1090
1.2810
1.3430
1.2340
1.2650
1.4530
1.2810
1.2970
1.5780
1.3590
1.3120
1.4840
1.3430
1.3590
1.4840
1.3750
1.3430
1.5310
1.4220
1.3900
1.5000
1.4530
1.4220
1.5930
1.5470
1.4370
1.6090
1.5150
1.5150
1.6250
1.6090
1.5470
1.6250
1.6250
1.5150
1.7030
1.6560
1.6250
1.6720
1.6870
1.5780
1.7030
1.7030
1.6400
1.7180
1.7180
1.6400
1.7810
1.7650
1.7340
1.7650
1.7340
1.6870
1.7970
1.7970
1.6870
1.8120
1.7810
1.7650
1.8120
1.7970
1.8120
1.8280
1.8120
1.8280
1.8280
1.9220
1.8430
1.8590
1.8430
1.8590
1.8750
1.8900
1.8590
1.8900
1.8750
1.8750
1.9060
1.8590
1.8900
1.9370
1.9370
1.9060
1.9530
1.9530
1.9370
1.9370
1.9680
1.9220
2.0000
1.9680
1.9680
2.0470
1.9840
1.9530
2.1250
2.0150
2.0150
1.9680
2.0150
2.0000
2.0470
2.0470
2.0000
2.0780
2.0780
2.0310
2.1400
2.0930
2.0780
2.1400
2.0930
2.0310
2.1560
2.0930
2.1090
2.1720
2.1090
2.1400
2.1560
2.1400
2.1720
2.2180
2.1560
2.1720
2.2340
2.1720
2.2030
2.2810
2.1870
2.1870
2.2650
2.2030
2.2030
2.2500
2.2180
2.2180
2.2810
2.2500
2.2340
2.2970
2.2650
2.2500
2.3430
2.2810
2.2180
2.2970
2.2970
2.2650
2.3430
2.3120
2.2970
2.3590
2.3430
2.2650
2.3750
2.3750
2.3120
2.3900
2.3900
2.3120
2.4220
2.4060
2.3430
2.4220
2.4220
2.3750
2.4370
2.4370
2.4060
2.4530
2.4530
2.3900
2.4680
2.4680
2.4370
2.4680
2.5000
2.4370
2.4840
2.4680
2.4370
2.4840
2.5150
2.5150
2.5000
2.5150
2.4840
2.5150
2.5310
2.5000
2.5470
2.5470
2.5620
2.5620
2.5310
2.5780
2.5780
2.6090
2.6090
2.5930
2.5780
2.6250
2.5930
2.6560
2.6560
2.6250
2.7030
2.7030
2.6250
2.6870
2.7030
2.6400
2.7340
2.7180
2.6560
2.7500
2.7340
2.7180
2.7340
2.7190
2.6570
2.7500
2.7500
2.7190
2.7660
2.7350
2.7500
2.7970
2.7660
2.7350
2.8440
2.7970
2.7660
2.8750
2.8440
2.7820
2.8280
2.8600
2.7820
2.8280
2.8440
2.7820
2.8910
2.8910
2.7970
2.9070
2.8750
2.7970
2.9070
2.8910
2.8130
2.9380
2.9070
2.8440
2.9690
2.9220
2.8440
2.9530
2.9530
2.8910
2.9850
3.0000
2.9220
3.0780
2.9850
2.9380
2.9850
3.0160
2.9380
2.9850
3.0630
2.9690
3.0000
3.0470
2.9530
3.0160
3.0780
2.9850
3.1100
3.0940
3.0320
3.1250
3.1100
3.0630
3.1250
3.1250
3.0940
3.1720
3.1570
3.1250
3.2030
3.1720
3.0940
3.2030
3.1720
3.1410
3.2030
3.2030
3.1570
3.2190
3.2030
3.1880
3.2350
3.2350
3.1410
3.3440
3.2500
3.2030
3.2500
3.3440
3.2190
3.2660
3.3130
3.2970
3.3280
3.3600
3.2660
3.3750
3.3750
3.3280
3.4070
3.3910
3.3130
3.4220
3.3910
3.3280
3.4850
3.4070
3.3600
3.4850
3.4380
3.3750
3.5000
3.4380
3.3910
3.5160
3.4530
3.4220
3.5160
3.4690
3.4380
3.6250
3.4850
3.4220
3.6100
3.4850
3.4690
3.6410
3.5000
3.4380
3.6880
3.5000
3.4690
3.6880
3.6410
3.4850
3.6880
3.5160
3.4850
3.6880
3.6720
3.5160
3.7030
3.6570
3.5470
3.7030
3.6880
3.5780
3.7030
3.6880
3.6250
3.7190
3.7030
3.6720
3.7350
3.7350
3.7030
3.7500
3.7660
3.7190
3.7970
3.7970
3.7820
3.8600
3.7660
3.8130
3.8130
3.8130
3.7970
3.8750
3.8280
3.8280
3.9380
3.8600
3.8440
3.9070
3.9380
3.8910
3.8910
3.8910
3.9380
3.8910
3.8750
3.9850
3.9220
3.9690
3.9530
3.9850
4.0000
3.9690
4.0000
4.0630
4.0000
4.0000
4.0470
4.0630
4.0160
4.0780
4.0940
4.0320
4.0940
4.1250
4.0780
4.0940
4.1720
4.0470
4.1720
4.1570
4.0780
4.1250
4.2190
4.1100
4.1880
4.2500
4.1410
4.2970
4.2660
4.1570
4.3440
4.2970
4.1720
4.3600
4.2820
4.1720
4.4070
4.2820
4.1880
4.4070
4.3440
4.1880
4.4380
4.3600
4.1880
4.4220
4.4220
4.2030
4.5000
4.4220
4.2190
4.5000
4.4690
4.2820
4.4530
4.5000
4.2350
4.5320
4.5000
4.2970
4.5160
4.5470
4.2970
4.5780
4.5160
4.3600
4.6100
4.5940
4.3280
4.6250
4.6100
4.4220
4.6880
4.6100
4.4380
4.6880
4.6250
4.4380
4.6720
4.6570
4.5000
4.6720
4.6720
4.4690
4.6250
4.6720
4.5160
4.6410
4.6880
4.5160
4.6880
4.7030
4.5160
4.7030
4.6880
4.5630
4.7350
4.7190
4.6250
4.7500
4.7350
4.5630
4.7500
4.7190
4.5160
4.7500
4.7190
4.5940
4.7810
4.7500
4.5780
4.8280
4.7660
4.6250
4.8120
4.7340
4.6410
4.8440
4.8120
4.6410
4.8590
4.8120
4.6720
4.8750
4.8280
4.6870
4.9370
4.8590
4.6870
4.8910
4.8440
4.7190
4.9690
4.8750
4.7190
4.9370
4.9220
4.7500
4.9530
4.9060
4.7660
4.9840
4.9370
4.8590
5.0000
4.9370
4.7970
5.0160
4.9690
4.8910
5.0470
4.9840
4.9060
5.0780
4.9840
4.9060
5.0940
5.0160
4.9220
5.1090
5.0310
4.9370
5.1250
5.0310
4.9840
5.1410
5.0470
4.9690
5.1250
5.0780
5.0310
5.1560
5.1090
5.0000
5.1720
5.1250
5.0470
5.1870
5.1410
5.0620
5.1870
5.1250
5.0620
5.2190
5.1560
5.0940
5.2340
5.2030
5.1870
5.2660
5.1720
5.1410
5.3120
5.2030
5.1870
5.2970
5.2190
5.3280
5.3280
5.2500
5.2190
5.3120
5.2810
5.2500
5.3590
5.2970
5.3440
5.3590
5.3120
5.3750
5.3910
5.3280
5.4060
5.3910
5.3280
5.4530
5.4060
5.3590
5.4370
5.4220
5.4060
5.4690
5.4370
5.3910
5.5310
5.5160
5.4220
5.6090
5.4690
5.4370
5.5310
5.5000
5.4840
5.5780
5.5310
5.5160
5.5940
5.5780
5.5160
5.6090
5.5780
5.5310
5.6870
5.5940
5.5310
5.6410
5.6090
5.5940
5.6250
5.6720
5.5620
5.7340
5.6720
5.5780
5.7030
5.6250
5.6090
5.7340
5.6870
5.6250
5.7190
5.7030
5.6410
5.8280
5.7500
5.6560
5.8440
5.8280
5.6720
5.7810
5.8590
5.6720
5.8590
5.8750
5.6870
5.8590
5.8750
5.7340
5.8910
5.8750
5.7190
5.9060
5.9060
5.7340
5.9220
5.9220
5.7660
5.9370
5.9370
5.7660
5.9840
5.9530
5.7810
6.0000
6.0000
5.7970
6.0470
6.0160
5.8590
6.0620
5.9840
5.8120
6.0780
6.0620
5.9220
6.0940
6.0940
5.9530
6.1090
6.0310
5.9060
6.1410
6.1250
6.0000
6.1090
6.1410
6.0470
6.1720
6.1410
5.9690
6.1720
6.1560
5.9840
6.1870
6.1720
6.0310
6.2030
6.1870
6.0620
6.2190
6.1870
6.0940
6.2030
6.1870
6.1250
6.2340
6.2810
6.1560
6.2810
6.2340
6.1720
6.2660
6.3280
6.1870
6.2810
6.2970
6.2030
6.3120
6.3120
6.2190
6.3750
6.3440
6.2660
6.3440
6.3590
6.2810
6.3750
6.3910
6.2970
6.3910
6.3750
6.3120
6.4060
6.4370
6.3910
6.4060
6.4060
6.3910
6.4220
6.4530
6.3910
6.4370
6.4530
6.4060
6.4690
6.4840
6.4530
6.5000
6.5160
6.4370
6.5310
6.5470
6.4370
6.5620
6.5620
6.4530
6.5940
6.5310
6.5000
6.6090
6.5780
6.4690
6.6250
6.5780
6.5160
6.6410
6.5940
6.5940
6.6720
6.6250
6.6090
6.6560
6.6560
6.7660
6.6870
6.6870
6.6560
6.7340
6.7030
6.6250
6.7500
6.7030
6.6720
6.7970
6.7190
6.7810
6.7660
6.7500
6.7340
6.8120
6.7500
6.8280
6.8120
6.7340
6.8280
6.8430
6.7810
6.7960
6.8430
6.7960
6.8590
6.8750
6.7960
6.9370
6.8590
6.7960
7.0460
6.8750
6.8120
7.0000
6.9060
6.8750
6.9680
6.9060
6.9060
7.0460
6.9370
6.8750
7.0460
6.9370
6.9370
7.0460
6.9210
6.9370
7.0460
6.9680
6.9680
7.0460
6.9840
7.0000
7.0620
7.0000
7.0000
7.0620
7.0150
7.0150
7.0620
7.0460
7.0150
7.0620
7.0460
7.0460
7.0620
7.0460
7.0620
7.0620
7.0460
7.0780
7.0620
7.0460
7.0780
7.0620
7.0460
7.0780
7.0620
7.0460
7.0780
7.0620
7.0460
7.0780
0.1560
1.3430
0.9680
0.9220
1.3900
0.2650
0.8900
1.2030
1.1090
1.0620
0.9060
0.9060
1.1250
0.8900
1.3120
1.2500
1.4220
1.1250
0.8590
1.2180
1.1720
1.0620
1.1090
1.2810
1.3280
1.2500
1.3750
1.0630
1.1880
0.8910
1.4530
1.1880
0.1570
1.2030
0.8130
1.5000
1.1250
0.8750
0.2820
1.0630
1.1720
0.7030
1.5630
1.1720
1.1720
1.5470
1.1410
0.8600
0.3130
0.7970
1.2500
1.1410
0.4690
0.2350
0.1720
0.1250
0.1250
1.2030
1.2350
1.4850
0.9690
0.9850
0.8440
1.0320
1.1880
0.5160
1.2350
0.8600
1.5470
1.1570
1.2820
1.1250
1.2820
0.3440
1.2030
1.1880
0.2190
0.9850
0.4220
0.5630
1.5160
1.5000
0.7660
1.0310
0.8120
1.1410
1.3440
0.9690
1.3750
0.3910
1.0160
1.3910
0.9370
0.8750
0.8280
1.4370
0.7190
1.2030
0.7810
0.5000
0.8120
1.2500
1.2500
0.8440
1.5310
1.3750
1.3440
1.5780
1.3440
1.4220
1.5470
1.5780
1.4530
1.6090
1.5620
1.4530
1.6250
1.6090
1.5000
1.6560
1.6560
1.5160
1.6720
1.6410
1.5310
1.7030
1.6250
1.5940
1.7500
1.6720
1.6560
1.8590
1.6720
1.6250
1.7970
1.6720
1.5620
1.8440
1.7030
1.5470
1.7190
1.7030
1.6720
1.8590
1.7190
1.6870
1.8910
1.7500
1.7340
1.9060
1.7660
1.7660
1.9060
1.7810
1.7500
1.9530
1.7810
1.7970
2.0310
1.7810
1.7970
2.0470
1.8120
1.7970
2.0620
1.8590
1.8120
2.2190
1.9220
1.8440
2.0780
1.8750
1.8280
2.1410
1.9060
1.8590
2.1090
1.9530
1.8750
2.1250
1.9690
1.8440
2.2660
1.9840
1.8910
2.2970
2.0470
1.9370
2.3120
2.0310
1.9220
2.3590
1.9840
1.9530
2.3440
2.1090
1.9840
2.3750
2.0780
1.9840
2.3910
2.0940
1.9840
2.4220
2.1090
1.9840
2.4370
2.1250
2.0000
2.4370
2.1410
2.0160
2.4840
2.1560
2.0310
2.4530
2.1720
2.0470
2.4530
2.1720
2.0620
2.4690
2.1870
2.0310
2.5000
2.2030
2.0940
2.5620
2.2190
2.1410
2.5470
2.2190
2.1720
2.5780
2.2340
2.2340
2.6090
2.2500
2.2030
2.6090
2.3440
2.2340
2.6410
2.3280
2.2500
2.7030
2.3590
2.2500
2.7030
2.3750
2.2660
2.7190
2.4060
2.2810
2.7190
2.4220
2.2970
2.7970
2.5000
2.3280
2.7500
2.4370
2.3280
2.7810
2.5310
2.3440
2.7660
2.5620
2.4060
2.8280
2.5940
2.4220
2.8120
2.6090
2.4220
2.8440
2.6090
2.4370
2.8750
2.6090
2.4530
2.8910
2.6560
2.5000
2.9220
2.6250
2.4690
2.8910
2.6720
2.5000
2.9370
2.6870
2.4680
2.9530
2.6710
2.5000
3.0000
2.6870
2.5150
2.9680
2.7180
2.5780
2.9840
2.7030
2.5780
2.9840
2.7180
2.5310
3.0150
2.8120
2.6250
3.0150
2.7650
2.5930
3.0150
2.8280
2.6400
3.0310
2.7650
2.6400
3.0460
2.8430
2.6400
3.0780
2.8750
2.6560
3.0930
2.8900
2.6710
3.1090
2.9210
2.6870
3.1090
2.9680
2.7030
3.1400
3.0150
2.7180
3.1870
3.0460
2.7030
3.2180
3.0150
2.7340
3.2500
3.1250
2.7340
3.2650
3.1870
2.7650
3.2960
3.1250
2.7500
3.2810
3.1400
2.7810
3.3280
3.2340
2.8120
3.3750
3.2180
2.7960
3.3590
3.3590
2.8430
3.4060
3.3900
2.8430
3.4530
3.3900
2.8590
3.4530
3.4680
2.8590
3.4680
3.4680
2.8900
3.4840
3.5310
2.9370
3.5000
3.5620
2.9530
3.5460
3.5620
3.0310
3.5460
3.5780
2.9530
3.5620
3.5780
3.0150
3.6090
3.5780
3.0310
3.6400
3.5930
3.0460
3.6710
3.6560
3.0620
3.6560
3.5930
3.0780
3.6870
3.6250
3.0620
3.7340
3.6560
3.0780
3.7810
3.6560
3.0930
3.7500
3.7030
3.1090
3.8280
3.7180
3.1250
3.8430
3.7500
3.1710
3.8590
3.7960
3.1710
3.8750
3.9060
3.2030
3.8750
3.7650
3.2030
3.9210
3.7810
3.2340
3.9370
3.7650
3.2500
3.9370
3.7810
3.3900
3.9530
3.8430
3.3750
3.9680
3.8280
3.3750
4.0000
3.8590
3.4210
3.9840
3.9060
3.4370
4.0150
3.9060
3.4370
4.0150
3.9530
3.4370
4.0780
4.0150
3.5000
4.0930
4.1090
3.5150
4.1400
3.9380
3.5310
4.1250
3.9380
3.5000
4.1410
4.0470
3.5160
4.1410
4.1100
3.5310
4.1410
4.1250
3.5630
4.1410
4.1410
3.5630
4.1560
4.2030
3.5780
4.2350
4.2500
3.6100
4.1720
4.2350
3.6250
4.2030
4.2660
3.6410
4.2190
4.2660
3.6560
4.2500
4.2970
3.6720
4.2660
4.3280
3.7030
4.2660
4.3280
3.7500
4.2970
4.3600
3.7660
4.3130
4.3750
3.8440
4.3280
4.3750
3.8600
4.3440
4.3910
3.8910
4.3280
4.4060
3.8440
4.3440
4.4380
3.8600
4.4220
4.5000
3.8910
4.3750
4.5310
3.9220
4.4380
4.4850
3.9530
4.4380
4.5940
3.9850
4.4530
4.5470
3.9850
4.4690
4.6250
4.0000
4.5000
4.6250
4.0310
4.4690
4.6250
4.0630
4.5000
4.6250
4.0780
4.5160
4.6880
4.0940
4.5160
4.6410
4.1100
4.5630
4.6880
4.1100
4.5310
4.6880
4.1250
4.5780
4.6880
4.1560
4.6250
4.7350
4.1560
4.6880
4.7190
4.2500
4.6410
4.7350
4.2660
4.6560
4.7350
4.2500
4.7030
4.7500
4.2500
4.7030
4.7810
4.2810
4.7190
4.8440
4.2970
4.7350
4.8600
4.3280
4.7500
4.8750
4.3440
4.7810
4.8750
4.3910
4.8130
4.8910
4.4220
4.7970
4.8910
4.4060
4.7970
4.9220
4.4220
4.8130
4.9380
4.4530
4.8280
4.9530
4.4850
4.8910
4.9530
4.5000
4.8910
4.9530
4.5160
4.9060
4.9690
4.5310
4.9220
4.9850
4.5470
4.9530
5.0160
4.9850
4.5630
5.0630
4.6100
5.0470
5.0470
4.6250
5.0000
5.0780
4.6410
5.0630
5.0940
4.6410
5.0310
5.1250
4.6720
5.0780
5.1410
4.6880
5.0780
5.1410
4.7030
5.1100
5.1720
4.7190
5.1410
5.1720
4.7500
5.1250
5.2030
4.7660
5.2030
5.1880
4.7970
5.2190
5.3130
4.8440
5.2350
5.2810
4.8130
5.2500
5.3280
4.9690
5.2810
5.3440
4.9220
5.3130
5.3910
4.8910
5.3280
5.4220
4.9530
5.3280
5.4220
4.9380
5.3600
5.4530
4.9850
5.3280
5.4690
5.0160
5.3600
5.4850
5.0780
5.3750
5.5000
5.0160
5.4220
5.5160
5.0940
5.4380
5.5470
5.1100
5.4380
5.6100
5.1250
5.4530
5.5630
5.1720
5.4530
5.6250
5.1880
5.4690
5.6560
5.2190
5.4850
5.6720
5.2190
5.5000
5.7030
5.2350
5.5000
5.7500
5.2810
5.5000
5.7350
5.3280
5.5160
5.8130
5.3440
5.5780
5.8130
5.3130
5.5470
5.7660
5.3750
5.6100
5.8750
5.3910
5.6560
5.8910
5.4060
5.6560
5.9220
5.4380
5.7030
5.9220
5.4530
5.7030
5.9380
5.5780
5.6720
6.0470
5.5160
5.7190
5.9690
5.5000
5.7350
6.0630
5.6250
5.7350
6.0780
5.6410
5.7660
6.0940
5.6410
5.7500
6.1100
5.6720
5.7810
6.1250
5.6560
5.7810
6.1720
5.7030
5.7810
6.2030
5.7190
5.8130
6.1880
5.7190
5.8130
6.2350
5.7350
5.8280
6.2190
5.7500
5.8280
6.2500
5.7660
5.8600
6.2660
5.7810
5.8910
6.2810
5.7810
5.8910
6.2810
5.7970
5.9060
6.2970
5.8130
5.9220
6.3130
5.8130
5.9690
6.3280
5.8280
5.9690
6.3440
5.8280
6.0000
6.3440
5.8440
6.0160
6.3910
5.8750
6.0160
6.3750
5.9060
6.0160
6.4380
5.9060
6.0630
6.4220
5.9220
6.0630
6.4380
5.9850
6.0940
6.4690
5.9690
6.0780
6.5000
6.0000
6.1100
6.5310
6.0310
6.1880
6.5160
6.0470
6.2500
6.5310
6.0470
6.2030
6.5470
6.0940
6.2970
6.5630
6.1410
6.2970
6.5630
6.0940
6.3130
6.5940
6.1720
6.3440
6.5780
6.1880
6.3750
6.5940
6.2030
6.3600
6.6250
6.2190
6.4060
6.7030
6.2190
6.3910
6.7190
6.2350
6.4060
6.7350
6.2500
6.4220
6.7350
6.2970
6.4380
6.7500
6.2970
6.4530
6.7500
6.3130
6.4690
6.7660
6.3600
6.4690
6.7660
6.3750
6.5000
6.8280
6.3910
6.5000
6.8440
6.4060
6.5160
6.8600
6.4380
6.5310
6.8440
6.4380
6.5630
6.8910
6.5630
6.5310
6.9220
6.4850
6.6100
6.9060
6.5310
6.6250
6.9060
6.5470
6.6410
6.9220
6.5780
6.6410
6.9380
6.5940
6.6560
6.9380
6.6100
6.7030
6.9530
6.6880
6.7190
6.9850
6.6410
6.7350
7.0630
6.7350
6.7350
7.0160
6.7350
6.7500
7.0310
6.7500
6.7500
7.0630
6.7660
6.7500
7.0630
6.7810
6.7500
7.1100
6.8280
6.7970
7.1410
6.7970
6.8130
7.1560
6.8440
6.8130
7.1720
6.8600
6.8600
7.1720
6.8440
6.8600
7.1720
6.9060
6.9530
7.1720
6.9220
6.9220
7.1720
6.9220
6.9690
7.1720
6.9220
6.9370
7.1560
6.9530
6.9840
7.1560
6.9530
6.9840
7.1560
7.0000
6.9840
7.1560
6.9840
7.0150
7.1560
7.0780
7.0780
7.1560
7.0620
7.0470
7.1560
7.0470
7.1250
7.1560
7.0780
7.1560
7.1560
7.0940
7.1560
7.1560
7.1250
7.1560
7.1560
7.1250
7.1560
7.1560
0.1870
0.2180
0.4530
0.1560
0.9370
0.8280
0.3750
0.9680
0.5470
1.0930
1.0000
1.1090
1.1720
0.7500
0.9680
0.9530
1.0930
0.5930
1.1870
0.9530
0.2650
0.9370
1.1720
0.5470
1.0620
1.2810
0.8120
1.2030
1.2500
0.4220
1.1720
0.8430
1.0620
0.8430
0.7970
0.9370
0.7650
1.3120
1.0780
1.2190
1.1880
1.1100
0.3440
0.8600
0.8130
1.5320
1.0630
0.5000
0.4220
0.9690
1.0780
1.4220
0.3910
0.4530
0.8600
1.0000
0.9850
1.5000
0.8750
0.8910
0.9690
1.2030
0.8440
0.9850
1.2500
0.7820
1.0160
0.5630
0.6720
0.9070
1.1880
1.0000
0.2190
0.8440
0.8440
1.4380
1.0160
0.9690
0.7970
1.4220
1.1880
1.2970
1.1720
0.1720
1.0630
0.9840
0.7810
1.0780
1.3280
1.0780
1.0000
1.0940
0.8440
0.7500
0.7660
0.8440
1.3910
0.8910
0.9840
0.7660
1.4530
0.9220
1.5000
0.8910
0.5620
1.5160
1.4220
1.2190
1.5310
1.4370
1.2340
1.5310
1.4690
1.2340
1.5620
1.5000
1.2500
1.5620
2.1090
1.2660
1.6410
1.5310
1.2810
1.6720
1.5160
1.2810
1.6870
1.5310
1.3120
1.7030
1.5620
1.3120
1.7190
1.5620
1.3590
1.7340
1.5780
1.3440
1.7810
1.6250
1.3750
1.8120
1.6090
1.4060
1.8120
1.6560
1.4220
1.8280
1.6720
1.4690
1.8910
1.6870
1.4690
1.8910
1.6870
1.5000
1.9370
1.7030
1.5160
1.9530
1.7190
1.5620
1.9530
1.7340
1.6090
2.0000
1.7340
1.5620
2.0160
1.7660
1.5940
2.0000
1.7810
1.6410
2.0780
1.9220
1.6410
2.0000
1.8750
1.6720
2.0940
1.9370
1.7030
2.0620
1.9840
1.7190
2.0940
1.9370
1.7340
2.1720
2.0160
1.7500
2.2340
2.0620
1.7660
2.2660
2.0310
1.7500
2.2340
1.4840
1.8120
2.2500
2.1090
1.8120
2.2810
2.1410
1.8120
2.2810
2.1560
1.8120
2.3280
2.1720
1.8280
2.3280
2.1720
1.8750
2.3750
2.1870
1.8910
2.3440
2.2030
1.9060
2.4060
2.2500
1.9530
2.3910
2.2970
1.9370
2.4530
2.2810
1.9690
2.4690
2.3120
1.9690
2.4690
2.4060
1.9840
2.5000
2.3440
2.0310
2.5160
2.3910
2.0160
2.5160
2.4220
2.0620
2.5470
2.4370
2.0780
2.5620
2.4220
2.0780
2.5780
2.4690
2.1090
2.6250
2.4690
2.1250
2.5940
2.4840
2.1250
2.6720
2.5000
2.1410
2.6870
2.5160
2.1720
2.6870
2.5460
2.1710
2.7340
2.5620
2.2180
2.7030
2.6250
2.2500
2.7650
2.6560
2.2340
2.7810
2.6710
2.2500
2.8280
2.6710
2.2810
2.8280
2.6870
2.3280
2.8430
2.6870
2.3750
2.8590
2.7180
2.4060
2.8900
2.7030
2.4210
2.9530
2.7500
2.4370
2.9210
2.7960
2.5000
2.9530
2.8120
2.5150
2.9680
2.8120
2.5780
2.9840
2.8590
2.5780
3.0150
2.8590
2.6090
3.0930
2.8900
2.6710
3.0620
2.8900
2.5930
3.0930
2.9060
2.7030
3.1090
2.9840
2.7030
3.1250
3.0310
2.7030
3.1400
3.0620
2.7180
3.1560
3.1090
2.7340
3.2180
3.1250
2.8590
3.2180
3.1560
2.7500
3.2340
3.1400
2.8430
3.2340
3.1870
2.7650
3.2500
3.2030
2.8280
3.2650
3.2340
2.8900
3.2810
3.2180
2.9680
3.8120
3.2500
2.9210
3.2960
3.2650
2.9060
3.3280
3.3120
2.9370
3.3590
3.3120
2.9840
3.3750
3.3430
3.0000
3.4060
3.4210
3.0000
3.4210
3.4060
3.0310
3.5000
3.4530
3.0310
3.4530
3.4530
3.0930
3.4370
3.4840
3.1400
3.5310
3.4840
3.1250
3.5780
3.5000
3.1090
3.6090
3.5310
3.1560
3.6250
3.5150
3.1710
3.6560
3.5460
3.2030
3.6250
3.5930
3.2810
3.6710
3.6250
3.2500
3.6710
3.6560
3.3120
3.7030
3.6710
3.3120
3.7180
3.6560
3.3430
3.7180
3.7030
3.3280
3.7340
3.7180
3.3900
3.7340
3.7340
3.4060
3.7810
3.7500
3.4210
3.7650
3.7650
3.4210
3.7500
3.7810
3.5310
3.7960
3.8280
3.4680
3.2650
3.8430
3.5000
3.8900
3.8750
3.4680
3.8750
3.8900
3.4840
3.9210
3.8750
3.5780
3.9370
3.9530
3.6400
3.9370
3.9060
3.6400
3.9530
4.0150
3.6710
3.9370
3.9370
3.6870
3.9680
4.0310
3.6710
4.0150
4.0620
3.7030
4.0460
4.0620
3.7340
4.0620
4.0620
3.7500
4.1090
4.1090
3.7960
4.1400
4.1090
3.7810
4.1710
4.1250
3.7960
4.1710
4.1400
3.8430
4.2030
4.1710
3.8590
4.1870
4.1560
3.9210
4.2340
4.1870
3.8750
4.2500
4.2030
3.9370
4.2650
4.2340
3.9370
4.3120
4.2340
3.9680
4.3280
4.2500
4.0310
4.3280
4.2500
4.0930
4.3430
4.2650
4.0780
4.3900
4.2500
4.1090
4.3900
4.2810
4.1400
4.3590
4.2810
4.1870
4.3900
4.3280
4.1250
4.4370
4.3430
4.1710
4.4680
4.3900
4.2650
4.5780
4.4210
4.2180
4.5000
4.4370
4.2960
4.5620
4.4370
4.4060
4.6560
4.4840
4.3750
4.6560
4.4840
4.3120
4.6870
4.5620
4.3280
4.6710
4.5000
4.4060
4.7180
4.5930
4.4370
4.7340
4.6090
4.4530
4.7500
4.6090
4.4530
4.7650
4.6250
4.4680
4.7810
4.6250
4.5620
4.7960
4.6560
4.5930
4.8120
4.6870
4.5310
4.8590
4.6710
4.4840
4.8750
4.7030
4.6560
4.8430
4.7030
4.6710
4.9210
4.7340
4.7180
4.9680
4.7500
4.6250
4.9530
4.7650
4.6710
5.0000
4.8280
4.7340
4.9690
4.8750
4.7350
5.0160
4.8280
4.7500
4.9850
4.8600
4.7660
5.0160
4.9690
4.7970
5.0160
4.8910
4.7970
5.0310
4.9060
4.8130
5.0470
4.9220
4.8280
5.1100
4.9850
4.8600
5.0780
5.0000
4.8600
5.1100
5.0160
4.9060
5.1100
5.0310
4.9060
5.1250
5.0940
4.9380
5.1410
5.0940
4.9380
5.1560
5.1250
4.9530
5.1560
5.1250
4.9530
5.2030
5.2030
4.9850
5.2190
5.2350
5.0160
5.2350
5.2810
5.0160
5.2660
5.2970
5.0310
5.2660
5.2970
5.0780
5.2810
5.3130
5.0940
5.3130
5.3280
5.1250
5.3280
5.3280
5.1100
5.3440
5.3600
5.1560
5.3750
5.3910
5.1880
5.4060
5.4220
5.2030
5.4530
5.4380
5.1880
5.5470
5.4530
5.2500
5.4690
5.5160
5.2970
5.5470
5.5000
5.3280
5.5780
5.5160
5.3280
5.5780
5.6410
5.3440
5.5940
5.6560
5.3600
5.6250
5.5940
5.3910
5.6250
5.6880
5.4530
5.6560
5.7660
5.4380
5.7350
5.7350
5.5000
5.6720
5.6880
5.4850
5.7030
5.7500
5.5000
5.7810
5.8130
5.5780
5.8440
5.8130
5.5310
5.8280
5.8130
5.6410
5.8600
5.8130
5.6560
5.8750
5.8280
5.7030
5.8910
5.8280
5.6880
5.8910
5.9220
5.7500
5.9220
5.9850
5.7660
5.9380
6.0310
5.7810
5.9850
6.0470
5.7810
5.9530
6.0630
5.7970
5.9850
6.0780
5.8130
6.0000
6.1720
5.8600
6.0160
6.1560
5.8440
6.0470
6.2190
5.8910
6.0780
6.1100
5.9690
6.1560
6.1880
5.8910
6.1880
6.2190
5.9060
6.1720
6.2810
5.9850
6.2030
6.3130
5.9850
6.2030
6.3130
6.0310
6.2660
6.3600
6.0470
6.2810
6.3910
6.0780
6.2810
6.4060
6.1100
6.3130
6.4220
6.1410
6.3130
6.4690
6.2030
6.3280
6.4380
6.2190
6.3440
6.5000
6.2350
6.3600
6.5160
6.2810
6.3600
6.5160
6.2660
6.3910
6.5310
6.2500
6.4220
6.5310
6.2810
6.4690
6.5940
6.2970
6.5000
6.6100
6.2970
6.5160
6.6250
6.2970
6.5310
6.6560
6.3910
6.5160
6.6720
6.3600
6.5940
6.7030
6.4380
6.5780
6.7350
6.4380
6.5780
6.7350
6.4530
6.6560
6.7350
6.4530
6.7190
6.7500
6.4690
6.7660
6.7810
6.4850
6.7350
6.8130
6.5000
6.7810
6.8750
6.5000
6.7810
6.8910
6.5160
6.8440
6.9060
6.5310
6.8440
6.9060
6.5630
6.8750
6.9380
6.5310
7.0000
6.9530
6.5780
6.9690
6.9530
6.5940
7.0310
6.9530
6.5780
7.0630
6.9850
6.6560
7.0630
7.0160
6.6560
7.0630
7.0310
6.6880
7.0780
7.0630
6.7030
7.1250
7.0780
6.7190
7.0940
7.0940
6.7350
7.1410
7.0940
6.7350
7.1410
7.1100
6.7500
7.2190
7.1410
6.7660
7.1560
7.1410
6.7660
7.1720
7.1720
6.7660
7.2350
7.1870
6.7500
7.2030
7.2190
6.7650
7.2340
7.2500
6.7810
7.2650
7.2500
6.8120
7.2970
7.2810
6.8120
7.3750
7.2970
6.8280
7.3440
7.3120
6.8280
7.3440
7.3280
6.8590
7.3900
7.3440
6.9060
7.4060
7.3590
6.9220
7.4370
7.3590
6.9530
7.4370
7.3590
7.0150
7.4370
7.3750
7.0000
7.4370
7.3900
7.0620
7.4370
7.4060
7.0780
7.4370
7.4060
7.0940
7.4370
7.4060
7.0940
7.4370
7.4060
7.0940
7.4370
7.4220
7.1250
7.4370
7.4220
7.2030
7.4370
7.4220
7.3280
7.4370
7.4220
7.2190
7.4370
7.4220
7.2340
7.4370
7.4220
7.2340
7.4370
7.4220
7.4370
7.4370
7.4220
7.3120
7.4370
7.4220
7.3280
7.4370
7.4220
7.4370
7.4370
7.4220
7.4370
7.4370
7.4220
7.4370
7.4370
7.4220
7.4370
7.4370
7.4220
7.4370
7.4370
7.4220
7.4370
7.4530
