0.6870
1.4690
1.3750
0.3440
1.4690
1.2650
1.4840
1.1090
1.4370
1.5000
0.5000
1.4530
1.1250
1.4530
1.4530
1.4840
0.9690
1.4530
1.4540
0.8440
1.4540
1.4850
1.4540
1.4540
1.4690
0.3600
1.4220
1.4690
1.4380
1.4540
1.4850
1.3750
1.4220
1.4850
1.4540
1.4220
1.4380
1.4540
1.4220
1.0320
1.4220
1.4380
1.4690
0.9840
1.4220
1.4690
1.4220
1.4060
0.3590
1.4220
1.4060
1.4530
0.9220
1.4220
1.4530
1.4220
1.4220
1.4530
1.4220
1.3590
1.4530
1.3910
1.4220
1.4690
1.4380
1.3900
1.4530
1.3750
1.4060
1.4530
1.4220
1.2810
1.4370
1.4220
0.2500
1.4370
1.4220
1.4060
1.4370
1.4060
1.4060
1.3280
1.4220
1.4060
1.4370
1.4220
1.4060
1.4370
1.4220
0.7180
1.4370
1.4220
1.3900
1.4220
0.3440
1.3750
1.4380
0.7500
1.3910
1.4220
1.2500
1.2030
1.2650
1.2970
1.2810
1.2810
1.2030
1.2650
0.6870
0.4530
1.2500
1.2350
1.2820
1.2660
1.2820
0.9380
0.7820
1.2500
1.2660
1.0790
0.7500
1.2660
1.2660
1.2660
1.2660
1.2500
1.2040
1.2660
1.2500
1.2660
0.5940
1.2500
1.2660
0.5790
1.2350
1.2500
1.2820
1.2350
1.2660
1.2820
1.2350
1.0470
1.2820
1.2660
1.2500
1.2820
1.2660
1.2660
0.6720
1.2500
1.2340
1.2660
1.2500
1.2660
1.2660
1.2500
0.6720
1.2660
1.2340
1.2340
1.2660
1.2500
0.7660
0.4840
0.8280
1.2500
0.9060
1.1560
1.2340
1.2660
1.2190
1.2340
1.2660
1.2500
1.2500
1.2660
1.2190
1.2660
0.7660
1.2340
1.2340
1.2500
1.2180
0.5620
1.2340
1.2180
1.2340
0.9840
1.2180
1.2500
0.6250
1.2340
1.2180
1.2500
1.2180
1.2180
0.6400
1.2180
1.2340
1.2500
1.4220
1.3750
1.3600
1.4220
0.3600
1.0320
1.4070
1.3910
1.3600
0.7820
1.3910
0.6880
1.3130
1.3750
1.3750
1.4070
1.3600
1.3600
1.4220
1.3910
1.3440
1.4220
1.3910
0.2030
0.6570
1.3750
0.6880
1.4380
1.0630
1.3600
1.4220
1.3750
1.3440
1.3910
1.3750
1.3440
1.2660
1.3750
1.3280
1.4060
1.3590
1.3440
0.8280
1.3280
1.2660
1.3440
1.3750
1.3280
1.4060
1.3590
1.3440
1.3910
1.3750
0.6870
1.3910
0.7810
0.7660
1.4060
1.3590
1.3280
1.4220
1.3430
0.8280
1.0780
0.3590
1.3280
1.3750
1.3430
1.3280
1.3900
1.3430
0.5780
1.3900
1.3590
1.3280
1.3900
1.3430
1.3120
1.3900
1.3430
0.4210
0.5780
0.9370
1.3430
1.4060
1.3430
1.3590
1.3900
1.2030
1.3750
1.3280
1.3440
1.3130
1.3750
1.3280
1.3130
1.3750
1.3440
1.2970
1.1720
1.4370
1.2340
1.3900
1.4370
1.3750
0.5150
1.4370
1.3750
1.4060
0.3440
0.7340
1.3900
0.8120
1.3590
1.4060
1.4530
1.3440
1.3280
1.4370
1.3590
1.4370
1.4060
1.3750
1.4060
0.6560
1.3590
1.3440
1.4380
1.2350
1.3750
1.4380
1.3750
0.7820
1.4220
1.3600
1.3910
1.4380
1.3440
1.3750
0.8290
1.3600
1.3750
1.4380
0.8440
0.9220
1.4380
0.6720
1.3750
1.4220
0.5630
1.3910
1.4380
1.3440
1.3750
1.4220
1.2970
1.3910
1.4380
1.3750
1.3910
1.4060
1.3440
1.3590
0.5780
1.3590
1.3750
1.4220
1.3590
1.2340
1.4060
1.3280
1.3440
1.3590
1.3440
1.3910
1.4060
1.3130
1.3590
1.4220
1.3440
1.3590
1.4220
1.3440
1.3590
1.4060
0.9220
1.3750
1.4220
1.3440
1.3750
1.4060
1.3280
1.3590
1.3900
0.7500
1.3590
1.3900
1.2650
0.3750
1.3900
1.4840
0.3910
1.4220
1.4680
1.4210
1.2340
1.4530
1.4370
1.3900
1.4530
1.4370
1.4060
1.4530
1.3750
1.4210
1.4530
1.4370
1.4210
1.4380
1.4380
1.4060
1.4220
1.4060
1.3910
1.1720
1.4220
1.3910
1.2810
1.4220
0.3910
1.4530
1.4060
1.3910
1.4380
1.4060
1.3750
1.4220
0.7500
0.9060
1.4220
0.8900
1.3900
1.4370
1.4060
0.5150
1.4370
1.4060
0.5780
1.4220
1.3910
1.3750
1.4220
1.3750
1.3440
1.4220
1.3910
1.1720
1.4070
0.5470
1.3600
1.4220
0.5790
1.3750
0.8590
1.3750
1.2500
1.4060
1.3750
1.3590
1.0470
1.3590
1.3440
1.4060
1.3750
1.2970
1.3910
0.7190
1.3590
1.4060
1.2180
1.3430
1.3900
1.3590
1.3430
1.3900
1.3430
1.3280
1.3120
1.3590
0.3750
1.3750
1.3120
1.3430
1.3590
1.3590
1.3130
1.3750
1.3440
1.2970
1.3600
1.6570
0.6250
1.5940
0.3910
1.5940
1.6090
1.6250
1.6090
1.6090
1.6410
1.5940
1.5940
1.6250
1.5940
1.6090
1.6410
1.5460
1.5930
1.5150
1.0150
1.5930
1.6250
1.5930
1.5930
1.6090
1.5780
1.6090
1.6090
1.5620
1.6090
1.6100
1.5630
1.5780
1.6100
1.5780
1.5780
1.5780
1.5630
1.5630
1.5940
1.5630
0.7500
1.6100
1.5630
1.5940
1.5940
1.5470
1.5470
1.5940
1.5620
1.0470
1.5940
1.2650
1.5620
1.5780
1.5310
1.5780
1.5310
1.5310
1.4530
1.5630
1.5160
1.5470
1.5630
1.5470
1.5320
1.5790
1.5320
1.5470
1.5630
1.5320
1.5320
1.5630
1.4540
1.5470
1.5790
1.5310
1.0780
1.5630
1.5000
1.5310
1.5470
1.5000
1.5310
0.5470
1.4690
1.5310
1.5470
1.5160
1.5310
1.5470
1.5150
1.5000
1.5470
1.5000
1.3750
1.5150
1.5150
1.5000
1.5470
1.1880
1.4220
0.4690
1.4690
1.2810
1.2970
1.4690
0.3440
1.4530
1.4850
1.4060
1.4530
1.4690
1.3750
1.4370
1.4530
0.5310
1.4370
1.4690
1.4060
1.4370
1.4690
1.3900
1.4530
1.3900
1.4060
1.4370
1.4540
1.3910
1.4220
1.4380
1.3910
0.5320
1.3130
1.3750
0.2820
1.4540
1.4070
0.7500
1.2970
1.3910
1.4220
1.4380
1.3910
1.4220
1.4220
0.7500
1.4220
1.4380
1.3590
0.4690
1.4220
1.3750
0.4380
0.5630
1.3590
1.4060
1.4060
1.3590
1.3590
1.4060
1.3590
1.3900
0.9370
1.2970
0.6090
1.4220
1.3430
1.4060
1.4060
1.3590
1.4060
1.4070
1.3600
1.3750
1.4070
1.3280
1.3750
1.3910
1.3280
1.3750
1.3440
1.2820
1.3750
1.3750
1.3440
1.3590
1.3910
1.3440
1.3440
1.0470
1.3280
0.7030
0.4690
1.3120
1.3750
1.3910
1.3440
1.3750
1.3750
1.5150
1.4690
1.2970
1.4850
1.4690
1.4530
1.5000
1.4850
1.4380
1.3130
1.4530
1.4380
1.5000
1.4530
1.4220
1.4220
1.4370
1.4370
1.5000
0.7500
1.1250
1.4840
1.4530
1.4530
1.5000
1.4530
1.4220
1.4540
1.4540
0.9540
1.4690
1.4380
1.4220
1.4690
1.1720
1.4220
1.4690
0.8440
1.1570
1.3290
1.4380
1.4060
1.4690
1.4220
1.4060
1.4690
1.4220
0.9380
1.4530
0.5310
1.4060
1.4530
1.4220
1.3750
1.4380
1.4220
1.3900
1.4220
1.4060
1.4060
1.4370
1.4220
0.2340
1.4370
1.4220
1.2030
0.4220
1.0930
1.4060
0.4680
1.3750
1.3910
1.3910
1.3750
1.3590
1.4060
1.3750
1.3750
1.4220
1.3910
1.3590
1.4220
1.2340
1.3430
1.3900
1.0460
1.3430
1.3900
1.3430
1.3590
0.4680
1.3590
1.3590
1.3900
1.3750
1.3590
1.3590
1.3590
1.3910
1.0000
1.5780
0.3590
0.8590
1.5780
1.5150
1.5000
1.5620
1.5150
1.5150
1.5630
1.1880
1.4850
1.5630
1.0940
1.4690
1.5630
1.0320
1.4690
1.5470
1.2500
1.4850
1.5630
1.4850
0.3750
1.5310
1.0000
1.4840
1.5470
1.4380
1.4690
1.5310
1.5000
1.4690
1.4840
1.5160
1.4690
1.5310
0.7810
1.4680
1.5150
1.4680
1.4680
1.5310
1.4840
1.4530
1.4680
1.4840
1.4530
1.5310
1.1090
1.4680
1.5000
1.4690
1.4530
1.4690
1.4690
1.2820
1.5000
1.4530
1.4530
1.5000
1.4690
1.4380
1.5160
1.4530
1.3600
1.5160
1.4530
1.4220
1.5000
1.4530
1.4220
1.5000
1.4530
1.4060
1.5000
1.4530
1.4060
0.9530
0.6870
1.4220
1.4680
1.4210
1.2340
1.4840
1.4370
1.3900
1.4680
1.4210
0.6250
1.5000
1.4370
1.4210
1.4840
1.4370
1.4060
1.4530
1.4060
1.3910
1.4530
1.5460
1.4840
1.5000
1.5460
1.3430
1.5000
1.5460
1.4680
1.4680
1.5620
1.5150
1.4840
1.5160
1.4380
1.4690
1.5160
1.4530
1.4850
1.5310
1.4850
1.4690
1.5310
1.4690
1.4850
1.5310
1.4690
1.4690
0.7190
1.4840
1.4530
1.5310
1.4840
1.4530
1.5150
1.4690
1.4690
1.5150
1.4690
1.4530
0.9840
1.4530
1.4380
0.6410
1.4380
1.4380
1.5000
1.4540
1.4380
1.4850
1.4690
0.6570
1.4850
1.4540
0.6410
1.5000
0.7810
1.4220
1.4690
0.9380
1.4380
1.4840
1.4380
1.4380
1.4840
1.4220
1.2500
0.7340
1.4380
1.4380
1.5000
1.4060
1.4060
1.4680
1.4220
1.4060
1.4840
1.4220
1.4060
1.2500
1.4060
1.4060
1.4680
1.4370
1.3900
1.4690
1.3910
1.3600
1.3280
1.4070
1.3750
1.4530
1.4220
1.3910
1.4690
1.4070
1.3910
1.4530
1.4070
1.4070
0.7500
1.5630
1.5310
0.2500
1.5470
1.5000
1.4530
1.5630
1.5310
0.5000
1.4530
1.5310
1.5310
1.5470
1.5000
1.2500
1.5470
1.5150
1.5470
1.5620
1.4530
1.5470
0.7500
1.5310
1.5310
1.5620
1.5000
1.5160
1.5320
1.5000
1.5160
1.5470
1.5000
1.5160
1.5320
1.4690
1.5000
1.5470
1.4850
1.4690
1.5470
1.4530
1.2660
1.5160
1.4840
1.5000
1.5310
1.4690
1.5000
1.5160
1.4690
1.5000
1.5160
1.4690
1.4840
1.5310
1.4840
1.4840
1.5000
1.4680
0.9680
1.5000
1.3750
1.4840
1.5000
1.4530
1.4840
1.5150
1.4530
1.4840
1.5000
1.4680
1.4840
1.5000
1.4840
1.4380
1.4850
1.4380
1.4060
1.3600
0.5310
1.3600
1.4530
1.5000
1.4690
1.4850
0.8440
1.4850
1.4840
1.4370
1.4530
1.4690
1.4220
0.2970
1.4840
1.4220
1.4530
1.4840
1.4370
1.4690
1.0940
1.4530
1.3130
1.4220
1.3750
1.3280
1.3900
0.3440
1.4060
0.5470
1.4370
1.3590
1.4060
1.4220
1.3900
1.3900
1.4370
1.3900
1.3750
0.6880
1.3910
0.4850
1.1250
1.3910
1.3750
1.4220
1.3910
0.5160
1.4070
1.3910
1.3910
1.4220
1.3910
0.5940
1.4060
1.0160
1.3280
1.3910
1.3440
1.3590
1.3910
1.3750
1.3750
1.4060
1.3590
1.3590
1.3910
1.3590
0.6250
1.3900
1.3430
1.2810
1.3590
1.3430
1.3430
1.3900
1.3590
1.3590
1.3750
1.3590
1.3590
1.3900
1.3430
1.3430
1.3750
1.3280
1.3440
1.3750
1.3280
1.3440
1.3600
1.3440
1.2190
1.2820
0.6410
1.3280
1.3750
1.3280
1.3440
1.3750
1.3120
1.1870
1.3590
1.3280
1.3280
1.3590
1.3280
1.3280
1.3440
1.3120
1.3280
1.3440
0.6410
0.4840
1.3280
1.3280
0.5620
1.3430
1.2960
0.8590
1.3590
0.6250
0.9060
1.3590
0.3280
1.3440
0.3750
1.3910
0.4690
1.3440
1.4060
1.3280
1.3440
1.3910
0.2810
1.3430
1.3900
1.2030
1.3280
1.3750
1.2500
1.3280
1.3750
1.3120
0.2810
0.7960
1.3120
1.3430
0.7500
1.3120
1.3280
1.3600
1.2810
1.3280
1.3750
1.2970
0.6250
1.3750
1.2970
1.3280
1.2810
1.2810
1.3280
1.3600
1.3130
1.3120
1.3440
1.2650
1.2970
1.3590
1.2810
1.2970
1.3440
1.2810
1.3120
1.3590
1.2970
1.2970
1.3590
1.2650
0.4540
1.3290
1.2500
1.2970
1.3290
1.2820
1.2970
1.0160
1.2660
1.3130
1.2660
1.2820
0.9690
0.5940
1.2660
1.2810
1.3280
1.2660
1.2340
1.3130
1.2340
1.2660
1.3130
1.2340
1.2660
1.3280
1.2500
0.9840
0.8910
1.2500
1.2500
1.3120
1.2340
0.3280
1.3120
1.2340
1.2500
1.2970
1.2180
1.2500
1.2970
1.5310
1.3440
1.4690
0.8590
1.4690
0.7340
1.5000
1.4840
1.4690
1.5000
1.4690
1.4690
1.4840
1.0000
1.2810
1.4850
1.4540
1.4540
1.5000
1.4690
1.4540
0.3750
1.4380
1.4540
1.4850
1.4690
1.4380
1.4690
1.4060
1.2660
1.4380
1.4380
1.4220
1.4530
1.2500
1.4380
0.3910
1.0630
1.4380
1.4690
1.4220
1.3280
1.4690
1.4380
1.4060
1.4530
1.4370
1.4060
1.4530
1.4220
1.4060
1.4370
1.4060
1.3900
1.4680
1.4370
1.2030
1.4530
1.3910
1.3750
1.4380
1.4070
1.3750
1.4380
1.4070
1.4070
1.4380
1.4070
1.4070
1.3600
0.5780
1.3750
1.4370
1.3750
1.3750
1.4220
1.3910
1.3440
1.4220
1.4060
1.3910
1.2970
0.8120
0.6250
1.4370
0.5000
1.3590
1.4060
1.3750
1.3590
1.4060
1.3750
1.3590
0.4680
1.3750
1.3590
1.0930
1.1400
1.3750
1.3440
1.4070
1.3910
1.3600
0.7970
1.3910
1.3750
1.4070
1.3910
1.3440
0.5940
0.5160
1.3440
1.4060
0.8280
1.3440
1.3750
1.3590
1.3440
1.3910
1.2810
1.3440
0.2190
1.3590
1.3590
1.3910
0.6250
1.3280
1.3750
1.0620
1.3120
1.3750
1.3590
1.3280
0.6870
0.7340
1.3430
0.5000
1.3590
1.3280
1.3750
1.3440
1.3130
1.3600
1.3280
0.9850
0.5940
1.3280
1.0470
1.3600
0.6410
1.3130
1.3440
1.3440
1.2820
1.3600
1.3440
1.3120
1.3440
1.3120
1.3120
1.3280
1.3280
1.3120
0.3910
0.3440
0.3440
1.0000
1.3120
1.2970
1.3440
1.3120
1.2810
1.3280
1.2810
1.2810
1.3280
0.9370
0.3430
1.3430
1.2960
1.2650
0.9370
1.3120
1.2810
1.3430
0.4840
1.2960
1.3130
1.2970
1.2810
1.3280
1.2970
1.2660
1.3280
1.2810
1.2810
1.3280
1.2970
1.2810
1.2970
1.5320
1.5000
0.2820
1.5160
1.5000
1.0940
1.2500
1.4690
1.3910
1.2340
1.4690
0.9370
1.5160
1.4690
1.4690
1.5160
0.7810
0.4220
1.5160
0.5470
1.4840
1.5000
1.4530
1.4680
1.1870
1.2030
1.4680
1.0620
1.4530
1.4370
1.1710
1.4530
1.4680
0.4530
1.4530
1.4530
0.8440
0.9060
1.4380
1.2970
1.4380
1.4380
1.4690
1.4220
0.8130
1.4850
1.4380
1.4530
1.4690
0.7810
1.3130
1.1400
1.4370
1.4370
1.4690
1.1250
1.4370
0.7190
1.4220
0.5780
1.4690
1.4220
1.3900
1.4690
1.3280
1.4220
0.6870
1.4070
1.0470
1.4540
1.3600
1.4220
1.4540
1.4070
1.4220
1.1570
1.2970
1.4220
0.7660
0.7190
1.3910
1.4380
1.3910
1.4060
1.4380
1.3910
1.4060
1.3280
1.2030
1.3590
1.4380
0.6720
1.4060
1.4380
1.1880
1.3900
0.3430
1.3900
0.8750
1.0310
1.5780
0.6720
0.2500
1.5630
1.5630
0.5780
1.5780
1.0630
1.5160
1.5630
1.5470
1.5310
1.5780
1.5630
1.5310
1.5470
0.5150
1.5150
1.5470
1.3750
1.5000
1.5470
1.5620
0.3900
1.5470
1.5470
1.5150
1.5620
1.5620
1.5000
1.5320
1.5320
1.1720
1.4380
1.5320
1.5000
1.5470
1.5320
1.5160
1.5320
1.5160
1.5000
1.5000
1.3750
1.4840
1.5310
0.3750
0.8440
1.5160
1.5160
1.4690
1.5310
1.5310
1.4840
1.5310
1.5310
1.4840
0.3900
1.4680
1.4680
1.5000
0.7650
1.4680
1.5150
1.5000
1.4530
1.5150
1.5000
1.4530
1.5150
1.5000
1.4530
1.4690
1.4850
0.2500
1.3130
1.4850
1.4690
1.4850
1.5000
1.4380
1.5000
1.4690
1.4530
1.4850
1.4850
0.3130
1.4690
1.4220
1.4220
1.3750
1.3910
1.4370
1.4840
1.4530
1.4370
1.4690
1.4690
1.4220
1.4690
1.4070
1.4690
0.7810
1.0310
1.5000
1.4840
1.5310
1.5160
1.4690
0.7500
1.4220
1.4690
1.5470
1.5000
1.5000
1.5000
0.7340
1.4530
1.2030
1.5000
1.4680
1.5150
0.8280
1.4840
1.5150
0.4210
1.4680
1.5150
1.4840
1.4530
1.5160
1.4530
1.4530
1.5000
1.4530
1.0630
1.5000
1.4530
1.3910
1.1410
0.5940
1.4530
1.4840
1.4690
1.4370
0.4690
1.4530
1.4370
0.5940
1.4530
1.4530
1.5000
1.0780
1.4370
1.4840
1.4530
1.4370
1.4690
1.4540
0.3130
1.4540
1.4540
1.4070
1.4690
1.4540
1.4220
1.4690
1.4220
1.3910
1.4690
1.4220
1.4220
1.1560
0.5470
1.3910
0.5630
1.4220
1.4060
1.4690
1.4060
1.2500
1.4530
1.4220
1.3910
1.4370
1.4060
1.3750
0.5000
1.4220
1.1560
1.4370
1.3900
1.2340
1.4370
1.4060
1.3900
1.4060
0.9220
1.3900
1.2660
1.3900
1.4840
1.5150
1.4840
1.5000
1.5150
1.5470
1.4690
0.9690
1.5470
1.4540
1.5000
1.5320
1.4690
1.5000
1.5160
1.4220
1.4850
1.5160
1.4850
1.4220
0.8280
1.4690
0.4530
1.5160
1.4530
1.4840
1.5160
1.4530
1.4530
1.5160
0.7810
1.4840
1.5310
1.0470
0.9220
1.5150
1.4370
0.9060
0.8120
1.4530
1.0930
1.5000
1.3430
1.4680
1.5000
1.4530
0.5470
1.4850
1.4380
0.7820
1.4690
1.4220
0.7350
1.5000
1.4380
1.4220
1.0630
1.4070
1.4530
1.5000
1.4060
1.4220
0.4370
0.2660
0.8910
1.4840
1.4060
1.4370
1.4690
1.4220
1.4370
1.4690
1.4060
1.4060
1.4530
1.3900
1.4060
1.4370
1.3900
1.4210
1.4680
1.3900
1.3750
1.4530
0.9060
0.6090
0.3440
1.3910
1.0630
1.4380
1.3750
1.4060
1.4220
1.3750
1.4060
1.4380
1.3910
0.7030
1.4380
1.4220
1.4070
0.2970
1.4220
0.3440
1.3910
1.4060
0.9220
1.2030
1.4220
1.3750
1.4060
1.4220
1.3750
1.3910
1.4060
1.3910
1.3900
1.4060
1.3590
1.4060
1.4060
0.5930
1.1250
1.3900
1.3590
1.3900
1.3900
1.3590
1.4060
1.1400
1.3430
1.3750
1.3750
1.3440
1.3750
1.3910
1.3280
1.3910
1.3910
1.3440
1.3600
1.3750
1.3440
1.3750
1.0470
1.3120
1.3590
1.3440
1.3280
1.3440
1.3590
1.3280
1.3590
1.3440
1.3120
1.3440
1.3750
1.2500
0.6870
1.3590
1.3290
1.2660
0.6880
1.3130
1.3290
1.3600
1.3130
1.3290
0.3600
0.5630
1.3440
1.3600
1.2970
1.3440
1.3280
1.2660
1.3280
1.2810
1.2970
1.3440
1.3280
1.2970
1.3440
1.3280
1.2500
0.8440
1.3280
1.2810
1.3280
1.3120
1.2650
1.3120
0.5620
1.2650
1.3120
1.3280
1.2500
1.3120
1.2970
0.2810
0.3590
0.3280
1.4690
1.4380
1.4380
1.4690
1.4380
1.4690
1.4690
1.4220
1.4380
1.4850
1.4380
1.4690
1.4690
1.4380
1.4690
0.6560
1.4060
1.4380
1.4380
1.4220
1.4380
0.6090
1.0940
1.4530
1.4530
1.4060
0.9060
1.4220
1.3750
1.4060
1.4370
1.3120
1.4220
1.4530
0.9840
1.4370
1.4370
1.4060
1.4220
1.4530
1.4060
0.7030
1.4370
1.4060
1.4220
1.4220
1.3440
1.4070
1.4220
1.3910
1.4070
1.1410
1.3910
1.4070
1.4220
1.3910
1.4070
1.4380
1.3910
1.3440
1.4060
0.7970
1.1870
1.4060
1.3750
1.4060
1.3440
1.3750
1.4060
1.3910
1.3750
1.3280
1.3590
0.5780
1.3750
1.4060
1.3430
1.3750
1.3900
1.3590
1.3750
1.4060
0.6400
1.3430
1.4060
1.3280
1.3600
1.3750
1.3600
1.3750
1.3910
0.8280
1.0780
1.3750
1.3600
1.3600
1.3750
0.2190
1.3440
0.2970
0.5940
1.3290
1.3600
1.4070
1.3290
0.5320
1.4070
1.3440
1.3600
1.3910
1.3290
1.3750
1.3910
1.3290
1.3440
1.3750
1.3280
1.3440
1.3750
1.3130
1.3440
1.3750
1.3130
1.3590
1.3910
1.3280
1.3440
1.3910
1.3130
0.3430
1.3590
1.2970
0.4370
1.3590
1.1720
1.3430
1.3750
1.2970
1.3430
0.9060
0.6250
1.3280
1.3750
1.3120
1.3280
1.3600
1.2970
1.2030
0.8910
1.2970
1.3130
1.3600
0.2190
0.7820
1.3600
0.8280
1.3280
1.3440
1.2660
1.2970
1.3440
0.6250
1.2660
1.3440
1.2660
1.2970
0.9220
0.5310
1.0000
1.3280
1.2810
0.6560
1.3280
1.2650
1.2810
1.2500
1.2650
1.2810
1.3280
1.2500
1.2810
0.6870
1.2650
1.1870
1.3120
1.1880
1.2810
1.2970
1.2350
1.2660
1.2970
1.2500
1.2660
1.3130
1.2500
1.2660
1.1100
1.5940
1.5630
0.7970
1.5940
1.5780
0.2820
1.5940
1.4220
1.5780
1.6100
1.5630
1.5780
1.5940
1.5310
1.5780
1.5780
0.8750
1.5620
0.8910
1.5620
1.5620
1.5940
1.5470
1.5780
1.5780
1.2500
1.5620
1.5930
1.5310
1.5460
1.5780
1.5150
1.5460
1.5780
1.5460
1.5310
1.5620
1.5460
1.5470
1.2350
1.5160
0.8280
1.5470
0.8130
1.5310
0.5470
0.2970
1.4690
1.1250
1.5150
1.5000
1.5320
1.4850
1.5000
1.5320
1.4850
1.5000
0.8750
1.4850
0.4220
1.5320
1.5000
1.4840
1.5160
1.4840
1.3440
1.5000
1.4060
1.5000
0.7810
1.4840
1.4840
1.5000
1.4840
1.4840
1.5000
1.4530
1.4840
1.5000
1.4530
1.4680
0.3900
1.4530
1.4840
1.4370
1.4530
1.4680
1.5000
1.4680
1.4530
1.4850
1.4220
0.4850
1.4850
1.3600
0.7660
1.4690
1.4530
0.7970
1.4850
1.3910
1.2970
1.2970
0.5630
1.3280
1.2970
1.3750
1.3280
1.2970
1.3750
1.3280
0.4850
0.7190
1.3280
1.3120
1.3590
1.0940
1.2810
1.3590
1.2500
1.2970
1.3750
1.2970
1.2810
1.3440
1.2970
1.2970
1.2030
1.2810
1.2650
0.5460
1.2960
1.2810
1.3430
0.4210
1.2810
1.3590
1.2960
0.9210
1.3590
1.2810
1.2500
1.3440
1.2810
1.2500
1.3280
1.2660
1.2500
1.3440
1.2810
1.2500
1.3280
1.2030
1.2500
1.1560
1.2500
1.2500
1.3120
0.8440
1.2500
0.8120
1.2650
1.2190
1.3120
0.5620
1.2500
1.3120
1.2650
1.2500
1.3280
1.2650
1.2350
1.2970
1.2500
1.2350
1.2970
1.2040
1.2190
1.2970
1.2190
1.2500
1.3130
1.2500
1.2500
1.2660
1.2340
1.2190
0.5000
1.2190
1.2190
1.2660
1.2190
1.2030
1.2970
1.2340
1.2190
1.2970
1.2180
1.1870
1.1870
0.3440
0.2190
1.3430
1.3750
1.3120
0.8430
1.1400
1.3280
0.7650
1.3590
1.1400
1.3430
1.3750
1.3120
0.7500
1.3750
1.3130
0.6250
1.1410
1.3130
1.3130
1.3750
0.7350
0.7190
1.3600
1.0000
1.3280
1.3440
0.4060
1.3120
1.3590
1.0780
1.3280
1.2970
1.2810
1.3120
1.2810
1.2810
1.3280
1.3280
1.2970
1.3120
1.3440
1.2810
1.2970
1.3290
0.3290
1.3130
1.3130
1.2190
0.5630
1.3290
1.2820
1.2970
1.3290
1.2660
1.3130
1.3290
1.2500
1.2810
1.3130
1.2660
1.2810
1.3130
1.2660
0.8590
1.3130
1.2340
0.3130
1.2970
1.2500
1.2810
1.3130
1.2340
1.1720
1.2970
1.2500
1.2650
1.2970
1.2500
1.2650
1.2650
1.2340
0.5000
1.1250
1.2500
1.2500
1.2660
1.2350
0.7820
1.2820
1.1570
1.0630
1.2660
1.2350
1.2500
1.2820
1.2350
1.2500
0.6880
1.0160
0.4380
0.6100
1.6250
1.5940
1.5630
0.9690
1.5940
1.5780
1.6250
1.5940
1.5620
1.0150
0.6560
1.5780
1.6090
1.5780
1.5780
1.6090
0.9060
1.5780
1.6090
1.5780
1.5780
1.6100
1.5470
1.5470
1.6100
1.5630
1.5630
0.9690
0.2970
1.5630
1.1880
0.7660
1.5470
0.9070
1.5630
1.5310
1.5940
1.5470
1.5310
1.5780
1.5310
1.5160
1.5630
0.9380
1.5470
1.5780
1.3130
1.5470
1.5780
1.0000
1.5150
1.5780
1.5150
1.5310
1.5780
1.5310
1.5150
1.5620
1.5150
1.5150
1.5780
1.5310
1.5310
1.5630
1.4690
1.1100
1.5470
1.5160
1.5160
0.7970
1.1410
1.5160
1.5470
1.5160
1.4690
1.5470
1.3600
1.5160
1.5310
1.5000
1.4840
1.5310
1.5000
1.4840
1.5470
1.5000
1.4060
1.5310
1.4840
1.4840
1.5310
1.4840
1.4840
1.5310
1.4680
1.4680
1.4370
1.1560
1.3120
1.3590
1.2040
1.2970
1.3440
1.3750
1.3130
1.3440
1.3750
0.7190
1.1720
0.7040
1.2820
1.3290
0.8750
1.2970
1.3130
0.3130
1.2970
1.3130
1.3750
1.2810
1.3280
1.3750
1.2970
1.3130
1.3750
0.7660
0.3280
1.3280
1.2650
1.3120
1.3430
0.5310
0.8430
0.3430
0.3750
1.3120
1.3590
1.2810
1.2970
1.3430
1.2650
1.2820
1.3440
1.2660
1.0320
1.3280
0.4530
1.2970
1.2500
0.9530
1.2660
1.3280
1.2660
1.2660
1.3280
1.1100
1.2810
1.3120
1.2500
1.2810
1.3120
1.2500
1.2970
1.3120
1.2500
1.2190
1.3280
1.2500
1.2810
1.2660
1.2180
1.2500
0.7810
1.0780
1.2650
0.4530
1.2340
1.1870
1.2960
1.2340
1.2650
1.2960
1.2340
1.2350
0.7190
1.2030
1.2500
0.5940
1.1560
1.2500
0.7810
0.5000
1.2350
1.2970
1.2030
1.2500
1.2810
1.4690
1.4220
0.5940
0.3440
1.4380
1.4220
1.4530
0.4370
1.4220
1.4370
1.0930
1.4220
1.4370
0.9060
1.4060
1.4680
1.4060
1.4060
1.0940
1.4220
1.4070
1.3440
0.3750
0.3130
1.4380
1.4070
1.4070
1.4380
1.3910
1.3910
1.4530
1.4070
1.3910
1.4220
1.3910
1.3910
1.4220
1.3910
1.3910
1.4060
1.1870
0.2340
1.4220
1.3750
1.3590
1.4220
1.3750
1.3910
0.4680
1.3750
0.9210
1.3900
1.3750
0.4530
1.4060
1.3430
1.3750
1.4210
0.4370
1.3590
0.5000
0.6090
1.3590
1.2180
1.2810
1.2030
1.3280
1.3440
1.3600
1.3750
1.3600
1.3440
1.3910
1.3600
0.5780
1.4060
1.3440
1.3280
1.3750
1.3280
1.3280
0.7500
1.3440
1.3120
1.3750
1.3440
1.3280
1.1870
1.3280
1.3280
1.3590
0.4690
1.3440
1.3750
1.3440
1.3280
1.3600
1.3130
1.2820
1.3600
1.2820
1.2500
1.2500
1.2820
1.2500
1.2350
1.2820
1.1410
1.2190
1.2660
1.2340
1.2190
1.2660
1.1880
1.2190
1.2810
1.2500
1.2190
1.2810
1.2500
1.2340
1.2650
1.2340
1.2180
1.2650
1.2180
1.2030
1.2500
0.7030
1.2180
1.2500
0.7500
0.9220
1.2500
1.2180
1.2030
1.2500
1.2190
1.2030
0.2500
1.2030
1.1880
1.2350
0.3910
1.1880
1.2350
1.1250
1.2030
1.2350
1.2030
1.2030
1.2500
1.2030
1.0780
1.2340
0.9220
1.1560
1.2340
0.9220
1.0470
0.9220
1.2030
1.1720
1.2190
1.2030
1.1720
1.2340
0.7810
1.1710
1.2180
1.1710
1.1560
1.2180
1.1870
1.1560
1.2030
1.1870
1.1560
1.2180
0.2500
1.1710
0.4530
1.1560
1.1560
1.2030
1.1720
0.4850
1.2030
1.1720
1.1560
1.0940
1.1720
1.1250
1.1880
0.6720
1.1560
1.1720
1.1560
1.1250
1.1870
1.3750
1.0000
0.6720
1.3590
1.3280
1.3120
1.3120
1.3120
1.3590
1.3440
1.3120
1.3590
1.3430
1.3120
1.3430
1.3280
1.0620
1.3280
1.3280
0.6560
1.3120
1.3430
0.9530
1.3430
1.3440
1.2810
1.2970
0.4060
1.2810
1.2970
0.6410
1.2970
1.3130
1.3280
1.2810
1.3130
1.3440
1.2810
1.3120
1.3280
0.8750
1.3120
1.3280
1.2650
1.2970
1.3120
1.2650
1.2810
1.3280
1.2810
1.2970
1.2970
0.7190
1.2660
1.2970
0.8910
1.2970
1.2820
1.2660
1.2820
1.2970
1.2500
1.2820
1.2970
1.2660
1.2820
1.2660
1.2500
1.2500
1.2970
0.8590
0.2660
1.2810
1.2340
1.2810
1.2970
1.2500
1.2500
0.9530
0.9220
1.2650
1.2650
1.2180
1.2500
1.2810
0.3590
1.2650
1.2500
1.2340
0.7650
1.2500
1.2030
1.2190
1.2500
0.8600
1.1880
1.2500
1.2190
1.2350
1.2500
1.5780
1.5470
0.8750
1.5460
1.5310
1.5310
1.5620
1.0780
0.5930
1.5780
0.9210
1.3590
1.5780
1.5460
1.5310
1.5470
1.5310
1.5160
0.7030
1.5310
1.5310
1.5160
1.5310
1.2970
1.4690
1.2500
1.5000
1.5470
0.7030
1.5000
1.5470
1.5150
1.4840
1.5310
1.4690
1.5150
1.5310
0.9530
1.5000
1.5160
1.5000
1.5000
1.5320
1.5000
1.4850
1.5160
1.5000
1.4850
1.5160
1.1410
0.6720
1.5160
0.8130
1.4690
1.5160
1.4840
1.4690
1.5000
1.4690
1.4380
1.5160
0.5630
0.2810
1.5160
1.4840
1.4690
1.5000
1.4690
0.5620
1.4840
1.2970
1.4680
1.5000
1.4680
1.4530
1.5000
1.4680
1.1720
1.4680
0.4060
0.8900
1.4850
1.3750
1.4530
1.4850
1.4380
1.4380
1.4850
1.4380
0.5780
1.4850
1.4380
1.4530
1.4690
1.4380
1.4370
1.4690
1.4220
1.4370
1.4690
1.5320
1.0470
0.7970
1.5320
1.4850
1.5000
0.4530
1.4850
0.8280
0.9690
1.4690
0.6870
1.5000
1.1720
1.4840
1.5160
1.4840
0.8120
1.5160
0.7030
0.5620
1.5000
1.4840
1.2650
1.5000
1.4370
1.0000
0.8900
1.4060
1.0000
1.5000
1.4530
1.3900
0.7960
0.2960
1.4680
1.4850
1.4380
1.4690
1.4850
1.4530
1.2030
1.4850
1.3130
1.4220
0.7810
1.4220
1.4530
1.4850
1.4530
1.4530
1.4530
1.4220
1.4370
1.4690
1.4060
0.9220
0.2030
1.3120
1.4220
1.4690
1.4220
1.4530
1.4530
1.4220
1.4380
1.4380
1.3910
1.3130
1.4380
1.4070
1.4380
1.4070
1.3910
1.4380
1.3750
1.4070
0.6880
1.4380
1.3910
1.4060
0.9380
1.3910
1.4220
1.4220
1.3910
1.4220
1.3130
1.3750
1.2660
1.4380
1.3750
1.3900
1.4060
0.6720
1.2970
0.5470
1.3590
1.2180
1.3750
0.4840
1.4210
1.3910
1.4380
0.4060
1.3910
1.4380
1.4220
0.8440
0.6250
1.4060
1.3750
0.3750
0.5940
0.5620
1.4220
1.3750
1.2030
1.4060
1.3280
1.0000
1.4060
0.7500
0.5310
1.4220
1.3900
0.7340
1.4220
1.3750
1.3600
1.3910
0.5160
0.7190
1.3910
0.5940
1.3600
1.3910
0.9850
1.0470
1.4220
1.3750
1.3600
1.0630
0.6090
1.3280
1.2970
1.3590
1.2970
1.3750
0.6560
1.3440
1.3750
1.3590
1.3280
1.3750
1.3590
1.3120
1.3750
1.1870
1.3280
1.3590
1.3430
0.6560
1.3900
1.3430
1.3280
1.3750
1.2970
1.3280
1.3600
0.3750
1.2970
1.1100
0.4380
0.4380
1.3440
1.3440
1.3130
1.3750
1.3280
1.3130
1.3590
1.3120
1.2810
1.3440
1.3120
1.2970
1.3280
1.3280
1.0310
1.3440
0.8120
1.2810
1.3590
1.3280
1.2970
1.3440
1.3120
1.2810
1.3120
1.4690
1.5160
0.4690
1.5320
1.4690
1.4690
1.5000
1.4840
1.4690
1.1090
1.5000
1.4690
1.5000
0.6720
1.0310
1.5000
1.4680
1.4680
1.5000
1.4680
0.4840
0.4060
1.4840
0.6710
1.4840
0.9840
1.2970
1.3750
1.4530
1.4530
1.4850
1.4690
1.4380
1.4690
1.4380
1.4220
1.3280
1.4690
1.4380
1.4690
1.4690
1.4220
1.4220
0.8900
1.4220
1.4530
1.4530
1.3750
1.4690
1.4370
1.4220
1.4530
1.4370
0.8120
1.4530
1.4060
1.4060
1.4220
1.3910
1.3910
1.4380
1.4220
1.4070
1.4540
0.7820
1.4220
1.4380
1.4220
1.3290
1.4380
1.1250
1.3910
1.4060
1.2030
1.2970
1.4220
1.4220
1.3910
1.3440
1.4060
1.4060
1.4060
1.4220
1.3750
1.4060
1.3900
1.3750
1.3900
1.3900
1.1560
1.4060
0.7500
0.7500
1.4220
0.8120
1.3750
1.4060
1.3900
1.3440
1.4070
0.6400
1.1250
0.8590
0.2810
1.2960
0.7350
1.4690
1.4380
1.4380
0.9690
0.7810
1.4220
1.4850
1.4380
1.4380
1.4690
1.4380
1.4380
1.4850
0.2340
1.3900
1.4370
1.4220
1.4060
1.2030
1.4060
1.4060
1.3440
0.7030
1.4220
1.4530
1.4220
1.4060
1.4530
1.4070
1.2820
1.4380
1.4070
1.4070
1.4380
1.4070
1.3750
0.6880
0.6720
1.4070
1.4220
1.4070
1.3750
1.4220
0.9690
1.3750
1.4060
1.0000
1.3750
1.4220
0.6090
1.3750
1.4220
1.0940
1.3910
1.4380
1.3750
1.3590
1.3900
1.3900
0.5310
1.4060
0.8900
1.3750
1.4060
0.9060
1.3750
1.4220
1.3900
1.3590
1.4060
1.2500
1.3600
1.4070
1.3280
1.3600
1.4070
1.3600
0.9690
1.4070
0.8600
1.3600
1.3750
1.3600
1.3440
1.3910
0.9690
1.2500
1.3750
1.3440
1.3280
1.3750
1.2500
1.3440
1.3590
0.8280
1.3590
0.7500
1.4060
1.3440
1.3600
1.2350
1.0630
0.3750
1.4060
1.3750
1.2030
1.3750
1.3440
1.3750
1.3910
1.3130
1.3600
1.3750
1.3280
0.3440
1.3590
1.3280
1.3590
1.3750
1.3440
1.3440
1.3750
1.3440
1.3590
1.3750
1.3440
1.3590
1.3600
1.3440
0.9540
1.3600
1.3130
1.3290
1.3290
0.6250
1.1250
1.3440
0.3750
1.3290
1.1720
1.3290
0.4530
1.3440
1.3130
1.3440
1.3280
1.2970
0.7660
1.3440
1.2810
0.8590
0.7970
1.2970
1.2970
1.3280
1.3120
1.2970
1.3280
1.2810
1.2970
1.2810
1.3120
1.2970
1.2500
1.2810
1.2970
0.8750
1.2810
1.2970
1.2820
1.2820
1.2500
1.2970
1.2820
1.3130
1.2190
1.2970
0.5630
1.3130
1.2350
1.2970
1.2810
1.2660
1.2660
1.2970
1.2810
1.2660
1.2660
1.2660
1.2660
1.2810
1.2810
1.2660
1.2810
1.5940
1.5470
1.5470
1.5790
0.8600
1.5470
1.5940
1.5000
1.5470
1.5940
1.5630
0.2970
1.5630
1.5000
1.5160
1.1720
1.5310
1.5310
1.4380
1.3130
1.5160
0.6250
1.5160
1.5310
1.5630
1.5310
1.5150
1.5620
1.5150
1.5150
1.5620
0.9370
1.5000
0.8750
0.3430
1.5150
0.5470
1.5150
1.3900
1.5470
0.5150
1.5160
1.5470
1.5000
1.5000
1.5470
1.5160
1.5000
1.5470
1.5000
1.5160
1.5470
1.5000
1.5000
1.5160
1.1720
1.5000
1.5160
1.4840
1.5000
1.5310
1.4840
1.5000
1.5160
1.4840
1.4840
1.5310
1.4690
1.4840
1.4690
1.4060
1.5000
1.5000
1.4680
1.4680
1.5000
1.4530
1.4840
1.5150
1.4530
1.4530
0.2650
1.4680
1.4840
0.7960
1.4680
0.8750
1.4850
1.4530
1.4530
1.5000
1.4380
1.4530
0.7500
1.4220
1.4690
0.8600
1.3280
1.4690
1.4850
1.0160
1.5000
0.4530
1.5310
0.7650
1.3750
1.3900
1.5000
1.5150
1.4530
1.5000
1.4850
1.1880
1.4850
1.4850
1.5160
1.4690
0.7500
1.5160
1.4690
1.4530
1.5000
1.4840
1.4690
1.5000
1.4690
1.4690
1.5160
1.4840
1.4530
1.4840
1.4680
1.4530
1.4840
0.4220
1.4370
1.4840
1.4530
1.4060
1.4840
1.4680
1.4530
1.5000
1.4680
0.9850
1.4690
1.4530
1.4220
0.6880
0.7190
1.4380
1.4690
1.0160
1.4220
1.4850
1.4530
1.4060
1.4690
1.2030
1.4220
1.4690
1.4370
1.1410
1.4530
1.4370
1.4370
1.2660
0.9370
1.4220
1.4690
1.4210
1.4060
1.4530
1.4060
0.7500
1.4370
1.4210
1.1090
1.2650
1.4060
1.4060
1.4370
1.4060
1.3910
1.4220
1.3750
1.3910
1.4220
1.3910
1.3750
1.4220
1.3910
1.2970
0.4530
1.3910
1.3750
1.4220
1.3590
1.2650
1.4060
1.3280
1.5940
1.5780
1.6250
1.2820
1.6100
1.6570
1.5940
1.5630
1.5470
1.1880
1.5940
1.5940
1.5470
1.5620
1.6250
1.5780
1.5780
1.5000
1.5470
1.5940
1.6090
1.5780
1.5780
1.6250
1.5940
1.5460
1.5930
1.5620
1.5620
1.6090
1.5310
1.5460
1.6090
1.5460
1.5780
1.6090
1.5310
1.5620
1.5940
1.5470
1.5310
1.5780
1.5470
1.5470
1.5780
1.5470
1.5470
1.5780
1.5630
1.5310
1.5780
1.5470
1.5310
1.5780
1.5310
1.3120
1.5620
1.5310
1.5310
1.3590
1.5470
1.5310
1.5940
1.5310
1.5310
1.5620
1.5160
1.5000
1.1250
0.5160
1.5320
1.3910
1.5000
1.4070
1.5630
1.5160
1.5160
1.5470
1.4850
0.4840
1.5470
1.4530
1.5160
1.5470
1.4840
1.4840
1.5630
1.5000
1.5160
1.5470
1.5160
1.5000
1.5470
1.4840
1.4060
1.5150
1.5000
1.4840
1.5310
1.4370
1.3430
1.3750
1.4530
1.3900
0.8590
1.4370
1.4060
1.3750
0.6100
1.0160
1.3910
1.4060
1.3750
1.3750
1.4060
1.3910
1.3600
1.4220
1.3750
1.3750
1.4220
1.3750
1.3120
1.4060
1.1400
1.3590
1.4060
1.3440
1.3440
1.3900
1.3440
1.3590
1.4060
1.3750
1.3590
1.4060
1.3600
0.6720
1.3750
1.3440
1.3440
1.4070
1.3440
1.3440
1.1570
1.3440
1.3440
1.1720
1.3600
1.3440
1.3750
1.3440
1.3280
1.3910
1.3130
1.3280
1.3590
1.0000
1.3280
1.3910
1.3280
0.9220
1.3590
1.3280
0.8120
1.3590
1.3280
1.2970
1.3430
1.2810
1.3280
1.3590
1.3120
1.2810
1.3430
1.3120
1.2970
1.3590
1.2970
1.2970
1.3280
1.3130
1.2820
1.3280
1.2970
1.2970
1.3280
1.2970
1.2820
1.3280
1.2820
1.2820
1.3280
1.2810
1.2970
1.3280
0.5620
1.2810
1.3280
