0.1250
0.0940
0.0940
0.1090
0.0940
0.0620
0.1090
0.0940
0.0940
0.1250
0.1090
0.0930
0.0780
0.1090
0.0780
0.0930
0.1090
0.0930
0.0780
0.0930
0.1250
0.0780
0.0630
0.1250
0.1100
0.0940
0.1410
0.0940
0.0780
0.1250
0.0940
0.0940
0.0780
0.1250
0.0940
0.1100
0.1100
0.0780
0.0630
0.1250
0.1250
0.0620
0.0940
0.0780
0.0940
0.0940
0.0780
0.0620
0.0940
0.1250
0.0780
0.0780
0.0780
0.1250
0.0940
0.0940
0.1250
0.0780
0.0940
0.1090
0.1250
0.1100
0.1100
0.1410
0.1100
0.0940
0.0620
0.0620
0.0620
0.0620
0.0620
0.1090
0.0780
0.0780
0.0940
0.0620
0.1090
0.0780
0.0940
0.1090
0.0780
0.0940
0.0940
0.0780
0.0940
0.0940
0.1250
0.0940
0.0940
0.1090
0.1400
0.1100
0.1100
0.1100
0.0630
0.0790
0.1100
0.1100
0.0790
0.1250
0.0940
0.0630
0.0940
0.1250
0.0940
0.0940
0.1250
0.0940
0.0630
0.1250
0.1400
0.1090
0.0780
0.1400
0.0940
0.1090
0.1250
0.1090
0.1090
0.1400
0.1410
0.1100
0.1100
0.1410
0.1100
0.0940
0.1250
0.0790
0.0940
0.1410
0.0790
0.0790
0.0790
0.0940
0.0940
0.0790
0.1100
0.0940
0.0940
0.1250
0.1250
0.0630
0.0780
0.0940
0.0780
0.0630
0.1250
0.0940
0.0780
0.1250
0.0780
0.0940
0.0940
0.1410
0.0940
0.0780
0.1410
0.1090
0.1090
0.1410
0.1250
0.1090
0.1090
0.1410
0.0940
0.1090
0.0940
0.0930
0.0780
0.1250
0.0780
0.0780
0.1090
0.1250
0.0780
0.0930
0.1400
0.0930
0.1090
0.1250
0.0620
0.0780
0.0620
0.1090
0.0930
0.0930
0.1090
0.0780
0.0780
0.1250
0.1250
0.0780
0.0780
0.0940
0.1100
0.1100
0.1410
0.0780
0.0940
0.1410
0.1090
0.1090
0.0940
0.1250
0.0780
0.0940
0.1090
0.1090
0.0940
0.1090
0.0940
0.1090
0.0780
0.1250
0.0930
0.0620
0.0930
0.0930
0.0930
0.1250
0.1250
0.0940
0.1090
0.0940
0.0780
0.0930
0.1090
0.0780
0.0930
0.1090
0.1710
0.1400
0.1400
0.1870
0.1400
0.1400
0.1870
0.1250
0.1400
0.1400
0.1400
0.1090
0.1090
0.1560
0.0930
0.0940
0.1250
0.0940
0.0940
0.0940
0.1250
0.1090
0.1090
0.0930
0.0940
0.0940
0.1250
0.0780
0.0940
0.1250
0.1090
0.0930
0.0940
0.1100
0.0940
0.0630
0.1100
0.1100
0.0940
0.1250
0.0780
0.1410
0.0780
0.1100
0.0940
0.0780
0.1090
0.0940
0.0940
0.1090
0.1560
0.0780
0.1100
0.1560
0.1100
0.1100
0.1560
0.0940
0.0940
0.0780
0.0940
0.1090
0.1090
0.1400
0.1090
0.1090
0.1400
0.1090
0.1090
0.1400
0.0940
0.1100
0.0940
0.1410
0.1100
0.1100
0.1410
0.0940
0.0940
0.1410
0.1250
0.1090
0.0780
0.1410
0.1090
0.1090
0.1090
0.0780
0.1090
0.1410
0.1410
0.0930
0.0620
0.1090
0.0930
0.1090
0.1250
0.0930
0.0930
0.1250
0.1400
0.0930
0.0930
0.1250
0.1090
0.0930
0.1400
0.1090
0.1100
0.1250
0.1100
0.0940
0.1250
0.1410
0.1100
0.1250
0.1410
0.1100
0.1250
0.1250
0.1250
0.0940
0.0940
0.1090
0.0940
0.0940
0.1250
0.0940
0.0780
0.1250
0.1250
0.1090
0.1090
0.1560
0.1090
0.1090
0.1250
0.1250
0.1250
0.1090
0.1560
0.1100
0.1100
0.1560
0.0940
0.1250
0.1560
0.1250
0.1250
0.1410
0.1250
0.1090
0.1090
0.1250
0.0940
0.0790
0.1250
0.0940
0.0940
0.1410
0.1400
0.0940
0.1100
0.0940
0.1100
0.0790
0.1250
0.0940
0.0940
0.1410
0.1560
0.1090
0.0940
0.1560
0.1100
0.1100
0.0940
0.1100
0.0790
0.1250
0.1410
0.0940
0.0790
0.1100
0.1100
0.1250
0.0940
0.0780
0.1090
0.1250
0.1250
0.0780
0.0780
0.1250
0.0940
0.1090
0.0780
0.0940
0.0620
0.1090
0.1090
0.1090
0.0780
0.1250
0.1090
0.0930
0.1250
0.0930
0.1090
0.1250
0.1250
0.0940
0.1100
0.1410
0.1250
0.1410
0.1720
0.1410
0.1410
0.1570
0.1410
0.1250
0.1250
0.1570
0.0940
0.0940
0.0780
0.1090
0.1090
0.1410
0.1250
0.0620
0.0940
0.1250
0.0940
0.0780
0.0940
0.0780
0.0940
0.1250
0.1090
0.1090
0.0940
0.1090
0.0780
0.0780
0.1090
0.0930
0.0930
0.1090
0.1400
0.1560
0.1560
0.2030
0.1710
0.1400
0.1090
0.1560
0.1560
0.1880
0.0940
0.0940
0.0780
0.1250
0.1100
0.0940
0.1250
0.1100
0.1100
0.1410
0.1560
0.0940
0.1100
0.1560
0.0780
0.0780
0.0620
0.1090
0.1090
0.1250
0.1100
0.1250
0.1250
0.1560
0.1250
0.1250
0.1560
0.1250
0.1090
0.1400
0.1410
0.0780
0.1100
0.1410
0.1100
0.0780
0.1250
0.0780
0.0940
0.1250
0.1410
0.1090
0.0940
0.1250
0.0780
0.1090
0.0940
0.0940
0.1090
0.1250
0.1250
0.1090
0.1090
0.0940
0.1090
0.1090
0.1250
0.0940
0.0940
0.1250
0.1410
0.0790
0.1100
0.0940
0.0940
0.0790
0.1410
0.0940
0.0940
0.1090
0.0780
0.0780
0.0780
0.1090
0.0940
0.1250
0.0940
0.1090
0.0780
0.1250
0.1410
0.0930
0.0930
0.1090
0.0780
0.0780
0.0930
0.0930
0.0780
0.1250
0.0930
0.0780
0.1100
0.1250
0.1100
0.1100
0.0940
0.0940
0.1100
0.1410
0.0930
0.0930
0.1090
0.1250
0.0940
0.0940
0.1250
0.0940
0.0780
0.1250
